subframe_nums,imu_acc_noise_std,imu_gyr_noise_std,pts_used,opt_iter_count,rematch_num
11,0.534091,0.054018,7811,5,3
10,0.523486,0.048715,7855,5,3
2,0.444764,0.009354,6576,5,3
1,0.440747,0.007346,6461,5,4
1,0.441454,0.007700,6520,5,3
2,0.443755,0.008850,6417,5,3
2,0.443854,0.008900,6477,4,4
2,0.446192,0.010069,6472,5,3
1,0.440372,0.007158,6557,5,4
1,0.440319,0.007132,6529,5,3
2,0.443447,0.008696,6674,5,4
2,0.443105,0.008525,6557,5,4
1,0.441543,0.007744,6525,5,4
2,0.444595,0.009270,6569,5,4
1,0.440060,0.007003,6572,5,4
2,0.443227,0.008586,6678,5,4
2,0.446828,0.010387,6485,4,4
1,0.440607,0.007276,6399,5,3
2,0.445518,0.009732,6484,5,4
2,0.444249,0.009097,6439,5,4
1,0.440766,0.007355,6413,5,4
1,0.441082,0.007513,6573,4,3
2,0.444174,0.009060,6677,4,3
1,0.439404,0.006675,6583,4,3
2,0.445139,0.009542,6624,4,3
2,0.443984,0.008965,6542,4,3
1,0.438845,0.006395,6511,4,3
2,0.443765,0.008855,6650,4,3
2,0.442081,0.008013,6598,4,3
2,0.442014,0.007980,6424,4,3
2,0.444054,0.009000,6456,4,4
1,0.439758,0.006851,6451,4,3
2,0.442170,0.008058,6410,4,3
2,0.445879,0.009912,6412,4,3
2,0.441648,0.007797,6637,4,4
2,0.442716,0.008331,6622,4,3
2,0.443103,0.008524,6667,4,3
1,0.440135,0.007040,6574,4,4
2,0.445279,0.009612,6516,4,3
2,0.446355,0.010150,6610,2,3
2,0.445398,0.009672,6628,4,3
2,0.443539,0.008742,6440,4,4
2,0.445055,0.009500,6510,4,4
2,0.443211,0.008578,6426,4,4
2,0.444354,0.009150,6422,4,4
1,0.440898,0.007422,6469,4,3
2,0.443079,0.008512,6596,4,3
2,0.447118,0.010532,6671,4,3
1,0.441225,0.007585,6720,4,3
2,0.443884,0.008915,6610,4,4
2,0.444906,0.009425,6524,4,3
2,0.441637,0.007791,6632,4,3
2,0.445076,0.009510,6577,4,3
2,0.442908,0.008426,6597,4,3
1,0.440184,0.007065,6480,4,4
2,0.444596,0.009271,6374,2,3
2,0.443532,0.008739,6428,2,3
1,0.441218,0.007581,6422,4,3
2,0.447419,0.010682,6490,4,3
1,0.440518,0.007232,6607,4,3
1,0.441592,0.007769,6691,4,4
2,0.444259,0.009102,6634,4,3
2,0.443535,0.008740,6526,4,3
2,0.444569,0.009257,6583,4,4
2,0.444280,0.009112,6520,4,3
1,0.440856,0.007401,6507,4,3
2,0.442673,0.008309,6575,4,3
2,0.444409,0.009177,6373,4,4
1,0.440445,0.007195,6478,4,3
2,0.443556,0.008751,6504,4,3
2,0.444635,0.009290,6559,4,4
1,0.438456,0.006201,6535,4,4
2,0.443082,0.008514,6642,4,4
2,0.445129,0.009537,6659,4,3
1,0.440765,0.007355,6623,4,4
2,0.445771,0.009858,6641,4,4
2,0.442388,0.008167,6495,4,3
1,0.441180,0.007562,6532,4,4
2,0.445227,0.009586,6494,2,3
2,0.443269,0.008607,6389,4,4
2,0.448230,0.011088,6431,4,4
2,0.444082,0.009014,6505,4,4
1,0.441539,0.007742,6553,4,3
2,0.442662,0.008304,6597,4,4
2,0.445071,0.009508,6554,4,3
2,0.441966,0.007955,6627,4,4
2,0.442888,0.008417,6570,4,4
2,0.442268,0.008107,6776,4,3
1,0.440797,0.007371,6539,4,3
2,0.444758,0.009352,6524,4,4
2,0.443623,0.008784,6464,4,4
2,0.442723,0.008334,6406,2,3
2,0.447396,0.010671,6369,4,4
2,0.445998,0.009972,6489,4,3
2,0.442915,0.008430,6567,4,3
2,0.445064,0.009505,6584,4,4
2,0.441910,0.007927,6537,4,3
2,0.442952,0.008449,6529,4,4
2,0.442548,0.008247,6688,4,4
1,0.441485,0.007715,6649,4,4
2,0.442949,0.008447,6620,4,4
2,0.442109,0.008027,6498,4,3
1,0.439983,0.006964,6464,4,4
2,0.446014,0.009980,6426,4,4
1,0.441572,0.007759,6336,4,4
1,0.441328,0.007637,6440,4,3
2,0.445765,0.009855,6516,4,3
1,0.440982,0.007464,6592,4,4
2,0.441976,0.007961,6520,4,3
2,0.445076,0.009510,6462,4,4
2,0.451022,0.012483,6637,4,3
3,0.457604,0.015775,6628,4,4
3,0.455854,0.014900,6435,4,3
2,0.449531,0.011738,6574,4,4
2,0.448020,0.010983,6420,4,3
2,0.445618,0.009782,6368,4,3
2,0.446871,0.010408,6383,4,4
4,0.470974,0.022460,6415,4,3
14,0.564895,0.069420,7780,4,4
26,0.688416,0.131181,8358,4,3
11,0.540413,0.057179,8530,2,3
9,0.517481,0.045713,9014,4,3
11,0.535811,0.054878,10881,4,4
10,0.524699,0.049322,11029,4,4
10,0.528449,0.051197,10065,4,4
8,0.509103,0.041524,10044,4,3
12,0.544399,0.059172,10531,4,4
12,0.545843,0.059894,10584,4,4
14,0.565861,0.069903,9852,4,3
38,0.807315,0.190630,12161,2,3
30,0.734439,0.154192,12644,4,4
32,0.747843,0.160894,10665,4,4
14,0.564972,0.069458,8985,4,4
15,0.573770,0.073858,8767,4,3
14,0.566812,0.070379,8959,4,4
16,0.590452,0.082199,10334,4,3
15,0.575354,0.074650,11185,4,4
20,0.625417,0.099681,11294,4,3
10,0.531636,0.052791,11339,4,3
14,0.567751,0.070848,11731,4,3
12,0.552009,0.062977,11513,4,4
8,0.503752,0.038848,11297,4,3
16,0.583265,0.078605,12096,4,4
8,0.503685,0.038815,12164,4,3
9,0.515772,0.044859,12644,4,3
7,0.495998,0.034971,12557,4,4
14,0.566406,0.070175,12890,4,4
6,0.488187,0.031066,12557,2,3
7,0.500484,0.037215,12720,4,4
4,0.469402,0.021673,10448,4,4
6,0.483817,0.028881,12571,4,3
6,0.486543,0.030244,12782,4,4
6,0.486890,0.030418,12396,4,4
6,0.491015,0.032480,12036,4,4
4,0.462057,0.018001,9476,4,3
5,0.481493,0.027719,11571,4,4
7,0.500211,0.037078,12003,4,3
5,0.479865,0.026905,11870,4,3
6,0.483144,0.028544,12088,4,4
6,0.490846,0.032396,11943,4,3
8,0.508034,0.040990,12857,4,3
23,0.662233,0.118089,13561,4,4
25,0.676744,0.125344,13377,4,3
44,0.874199,0.224072,14848,2,3
20,0.627562,0.100754,13727,4,3
17,0.597006,0.085476,13767,4,4
21,0.633908,0.103927,13887,4,4
15,0.581804,0.077874,13748,2,3
9,0.514772,0.044358,13363,4,3
11,0.539931,0.056938,13671,4,3
11,0.535747,0.054846,13943,4,4
13,0.556734,0.065340,13839,4,4
10,0.531052,0.052499,14030,4,4
14,0.566847,0.070396,14308,4,4
9,0.515424,0.044684,14198,4,4
7,0.498185,0.036065,13890,4,4
4,0.467031,0.020488,12112,4,3
9,0.521725,0.047835,14293,4,4
9,0.521301,0.047623,14580,4,4
10,0.522713,0.048329,14410,4,3
7,0.495870,0.034907,13805,4,4
10,0.525824,0.049884,13955,2,3
11,0.534976,0.054461,14071,4,4
15,0.573896,0.073921,14072,4,3
15,0.579182,0.076563,13996,4,3
6,0.484897,0.029421,13331,4,4
4,0.464369,0.019157,10755,4,3
4,0.467312,0.020629,10038,4,4
6,0.490705,0.032325,12881,2,3
10,0.529679,0.051812,13456,4,4
13,0.556397,0.065171,13577,4,4
7,0.497134,0.035540,13109,4,4
6,0.490173,0.032059,12705,4,4
7,0.501766,0.037855,12989,4,4
6,0.488974,0.031460,12989,4,3
11,0.538368,0.056157,13617,4,4
12,0.544821,0.059383,13606,4,3
5,0.478069,0.026007,13106,4,4
7,0.496349,0.035147,13303,4,3
8,0.507426,0.040686,13344,4,4
7,0.497404,0.035675,13304,4,4
11,0.536200,0.055073,13419,4,4
19,0.622881,0.098413,13900,4,3
11,0.536936,0.055441,13657,4,4
9,0.518113,0.046029,13645,4,4
10,0.527716,0.050831,13671,4,3
17,0.598437,0.086191,13879,4,4
18,0.604203,0.089074,14057,4,3
13,0.561903,0.067924,13811,4,4
7,0.496055,0.035000,13310,4,4
16,0.586517,0.080231,13893,4,4
11,0.539558,0.056751,13820,4,4
16,0.591021,0.082483,13958,4,4
9,0.512809,0.043377,13634,4,3
11,0.534833,0.054389,13505,4,4
7,0.496730,0.035338,13366,2,3
14,0.568128,0.071037,13911,4,3
13,0.553895,0.063920,13889,4,4
9,0.515334,0.044639,13617,4,4
14,0.566688,0.070316,13836,4,3
17,0.602372,0.088158,14123,4,3
16,0.589411,0.081678,14177,4,4
23,0.661977,0.117961,14130,4,4
15,0.576375,0.075160,14127,4,4
7,0.496731,0.035338,13513,4,3
11,0.534362,0.054153,13572,4,4
17,0.596687,0.085316,13609,2,3
7,0.497330,0.035638,13042,4,4
17,0.597044,0.085495,13693,2,3
12,0.544686,0.059316,13372,2,3
10,0.523583,0.048764,13150,4,4
11,0.538431,0.056188,13371,4,4
11,0.536739,0.055342,13614,2,3
24,0.670197,0.122071,13721,5,4
8,0.511261,0.042603,13270,4,4
7,0.499371,0.036658,12962,4,4
11,0.540512,0.057228,13097,5,4
16,0.586460,0.080203,13374,5,4
18,0.605151,0.089548,13519,4,4
9,0.516805,0.045375,13116,2,3
7,0.502226,0.038086,12867,4,4
15,0.577113,0.075529,13403,2,3
13,0.556426,0.065186,13317,2,3
27,0.704070,0.139008,13434,4,4
12,0.548297,0.061121,13091,2,3
12,0.550209,0.062077,13163,2,3
11,0.538005,0.055975,13203,2,3
16,0.586689,0.080317,13409,2,3
16,0.589668,0.081806,13184,7,5
13,0.558901,0.066423,13274,6,5
12,0.548613,0.061279,13214,2,3
14,0.566567,0.070256,13122,2,3
14,0.571839,0.072892,13005,2,3
21,0.635785,0.104865,13120,6,5
12,0.547853,0.060899,12699,7,5
9,0.513241,0.043593,12644,4,4
16,0.584079,0.079012,13002,6,5
12,0.551104,0.062524,12969,2,3
14,0.567062,0.070503,13234,0,0
6,0.483575,0.028760,12539,2,3
8,0.507437,0.040691,12673,7,5
13,0.560365,0.067155,13105,4,4
13,0.553474,0.063710,13133,4,4
9,0.512956,0.043451,12798,6,5
5,0.476790,0.025368,11816,0,2
8,0.506279,0.040112,12203,6,5
12,0.552517,0.063231,12714,4,4
21,0.638272,0.106109,12984,4,4
14,0.565874,0.069910,12890,5,4
7,0.496117,0.035031,12709,5,4
13,0.552897,0.063421,13350,2,3
8,0.507517,0.040731,13117,5,4
15,0.577212,0.075579,13414,5,4
10,0.527121,0.050533,13183,4,4
6,0.491536,0.032741,12647,5,4
8,0.510029,0.041987,12989,5,4
13,0.559152,0.066548,13287,5,4
13,0.561387,0.067666,13294,4,4
11,0.539397,0.056671,13254,5,4
8,0.506088,0.040017,13158,4,4
13,0.558800,0.066373,13388,5,4
8,0.507567,0.040756,13375,5,4
17,0.602828,0.088386,13510,5,4
10,0.526403,0.050174,13052,5,4
10,0.530498,0.052221,12749,5,4
15,0.578869,0.076407,12720,5,4
16,0.591811,0.082878,12588,5,4
14,0.565728,0.069837,12641,5,4
14,0.563306,0.068625,12630,5,4
10,0.522511,0.048228,12661,5,4
11,0.532895,0.053420,12540,5,4
14,0.566632,0.070288,12731,5,4
11,0.534194,0.054069,12775,5,4
13,0.557005,0.065475,12428,5,4
15,0.580619,0.077282,12391,5,4
12,0.547194,0.060570,12381,5,4
14,0.562897,0.068421,12475,5,4
12,0.549286,0.061616,12383,5,4
20,0.623854,0.098900,12594,5,4
13,0.556617,0.065281,12480,4,4
9,0.518609,0.046277,12485,5,4
13,0.556759,0.065352,12327,4,4
24,0.664773,0.119359,12380,5,4
36,0.788602,0.181274,12240,4,4
7,0.494301,0.034123,11554,4,4
6,0.491264,0.032605,11318,5,4
8,0.504576,0.039261,11604,5,4
11,0.536078,0.055012,11710,5,4
25,0.675433,0.124689,11635,5,4
12,0.543961,0.058953,11554,4,4
4,0.465414,0.019680,8700,2,3
12,0.544746,0.059346,11377,5,4
8,0.504452,0.039198,11166,4,4
10,0.526327,0.050136,11290,4,4
13,0.558333,0.066139,11023,5,4
11,0.538044,0.055995,10764,2,3
6,0.482145,0.028045,10298,4,4
17,0.598280,0.086113,10883,4,4
16,0.588630,0.081288,11187,5,4
16,0.583844,0.078895,11420,5,4
6,0.483215,0.028580,10974,5,4
8,0.504253,0.039099,11498,4,4
12,0.550559,0.062252,11904,4,4
21,0.641259,0.107602,12186,4,4
15,0.575029,0.074487,12036,4,4
5,0.476532,0.025239,11275,4,4
6,0.483554,0.028750,11516,4,4
18,0.603826,0.088886,12295,5,4
7,0.496004,0.034975,11928,4,4
15,0.574423,0.074184,12332,5,4
10,0.523939,0.048942,12208,4,4
12,0.548277,0.061111,11971,4,4
12,0.549827,0.061886,12044,5,4
9,0.519342,0.046644,11859,5,4
14,0.569765,0.071855,12084,5,4
6,0.487593,0.030769,11277,5,4
7,0.502230,0.038087,11413,4,4
6,0.486821,0.030383,11266,5,4
13,0.554120,0.064033,11986,4,4
18,0.607434,0.090690,12045,4,4
10,0.529340,0.051642,11756,4,4
6,0.487850,0.030898,10969,5,4
6,0.484216,0.029081,10822,2,3
11,0.535919,0.054932,11615,2,3
19,0.614509,0.094227,11787,5,4
16,0.583568,0.078757,11810,5,4
11,0.533176,0.053560,11464,5,4
7,0.493455,0.033700,11361,5,4
18,0.608711,0.091328,12020,5,4
16,0.589421,0.081683,11914,2,3
15,0.581083,0.077514,11766,5,4
14,0.572019,0.072982,11667,5,4
18,0.610781,0.092363,11647,4,4
29,0.717158,0.145552,11488,4,4
31,0.740291,0.157118,11006,4,4
16,0.583966,0.078956,10495,4,4
10,0.530384,0.052165,10192,4,4
14,0.565094,0.069520,10157,5,4
9,0.512384,0.043164,10341,5,4
16,0.585048,0.079497,10470,5,4
10,0.526520,0.050233,10378,5,4
6,0.491917,0.032931,9650,4,4
11,0.542085,0.058015,10199,5,4
17,0.600112,0.087029,10115,4,4
23,0.655720,0.114833,9721,4,4
12,0.547430,0.060688,9242,4,4
11,0.542230,0.058088,9066,4,4
5,0.474726,0.024336,8435,4,4
13,0.555795,0.064870,9085,4,4
22,0.649723,0.111834,9378,4,4
12,0.547099,0.060522,9362,4,4
9,0.517141,0.045543,9453,4,4
14,0.565435,0.069690,9608,2,3
8,0.509499,0.041722,9378,4,4
21,0.636546,0.105246,9710,2,3
11,0.537712,0.055829,9343,6,5
8,0.507298,0.040621,9103,4,4
9,0.514912,0.044429,9163,8,6
11,0.538588,0.056267,9355,6,5
26,0.690278,0.132111,9467,2,3
11,0.535814,0.054879,9418,6,5
5,0.477032,0.025488,8890,2,3
6,0.490008,0.031977,9096,2,3
16,0.583056,0.078501,9573,2,3
22,0.652995,0.113470,9514,9,6
6,0.490621,0.032283,8817,6,5
5,0.474537,0.024241,8671,4,4
5,0.476954,0.025449,8476,4,4
15,0.582326,0.078136,9225,2,3
28,0.709169,0.141557,9262,4,4
11,0.535963,0.054954,9155,9,6
7,0.492752,0.033348,8759,4,4
8,0.505847,0.039896,8867,9,6
7,0.501903,0.037924,8578,6,5
9,0.515701,0.044823,9028,4,4
16,0.593136,0.083541,9036,4,4
10,0.522766,0.048355,8587,4,4
11,0.539710,0.056828,8545,2,3
10,0.527133,0.050539,8621,4,4
21,0.642286,0.108116,8756,4,4
9,0.515489,0.044717,8613,4,4
7,0.499152,0.036548,8422,4,4
10,0.526007,0.049976,8671,4,4
12,0.546350,0.060147,8828,4,4
16,0.584489,0.079217,8638,6,5
12,0.545930,0.059937,8421,6,5
10,0.529753,0.051849,8464,6,5
8,0.502430,0.038187,8267,4,4
16,0.589297,0.081621,8550,2,3
29,0.715688,0.144817,8656,4,4
19,0.615528,0.094737,8703,8,5
5,0.475453,0.024699,7823,8,5
11,0.535064,0.054505,8665,6,5
19,0.618733,0.096339,8774,4,4
9,0.520476,0.047211,8183,4,4
17,0.602091,0.088018,8600,2,3
8,0.509043,0.041494,8026,4,4
5,0.480915,0.027430,7770,6,5
10,0.529875,0.051910,8353,6,5
14,0.563746,0.068846,8238,6,5
24,0.671078,0.122512,8493,4,4
12,0.546094,0.060020,8156,4,4
15,0.575645,0.074795,8070,4,4
9,0.521861,0.047903,7706,4,4
11,0.533863,0.053904,7708,8,5
17,0.601378,0.087661,7767,8,6
7,0.502086,0.038015,7251,6,5
6,0.485895,0.029920,6947,4,4
7,0.495330,0.034638,6966,6,5
12,0.546774,0.060360,7189,4,4
11,0.540211,0.057078,7164,8,5
11,0.537301,0.055623,6932,8,5
10,0.526168,0.050056,7160,2,3
9,0.513049,0.043497,6875,4,4
9,0.514816,0.044380,6948,4,4
12,0.549807,0.061876,6929,6,5
28,0.709674,0.141810,7080,4,4
13,0.555352,0.064648,7008,8,5
5,0.481140,0.027543,6538,4,4
10,0.529344,0.051645,7069,4,4
12,0.546728,0.060337,7063,6,5
15,0.580723,0.077334,7042,8,6
17,0.601684,0.087815,7002,6,5
8,0.504918,0.039432,6786,4,4
10,0.532323,0.053134,6903,2,3
9,0.521239,0.047592,6898,2,3
14,0.567062,0.070504,6990,2,3
8,0.505653,0.039799,6519,2,3
7,0.495092,0.034519,6641,6,5
10,0.528037,0.050991,6880,8,5
12,0.549326,0.061635,6849,6,5
18,0.606268,0.090106,7058,4,4
11,0.536381,0.055163,6893,2,3
17,0.600726,0.087336,6994,2,3
5,0.475462,0.024704,6394,4,4
12,0.545601,0.059773,6739,8,6
23,0.660907,0.117426,6863,8,5
9,0.518099,0.046022,6593,8,6
5,0.475197,0.024571,6172,4,4
6,0.483272,0.028609,6233,2,3
21,0.637700,0.105822,6661,6,5
21,0.638921,0.106433,6567,2,3
6,0.487732,0.030838,6199,8,5
10,0.530503,0.052224,6666,5,4
7,0.495390,0.034668,6693,4,4
9,0.512775,0.043360,6934,4,4
17,0.595077,0.084511,7439,4,4
10,0.528741,0.051343,7129,4,4
8,0.511174,0.042559,7091,5,4
8,0.510008,0.041977,7119,4,4
9,0.517464,0.045705,7113,5,4
15,0.579335,0.076640,7114,5,4
10,0.524784,0.049365,6886,4,4
10,0.525116,0.049531,6766,5,4
6,0.487218,0.030582,6544,4,4
12,0.542831,0.058388,6941,4,4
10,0.526692,0.050319,6917,5,4
9,0.515312,0.044629,6844,4,4
5,0.474021,0.023983,6135,4,4
7,0.495913,0.034929,6354,4,4
9,0.520242,0.047094,6432,4,4
18,0.605207,0.089576,6509,4,4
14,0.565590,0.069768,6200,5,4
8,0.506428,0.040186,5869,2,3
9,0.521807,0.047876,5992,5,4
7,0.499981,0.036963,5689,5,4
10,0.522461,0.048203,5842,2,3
13,0.560437,0.067191,5937,4,4
11,0.541466,0.057705,5749,5,4
7,0.492254,0.033100,5297,5,4
9,0.518974,0.046460,5339,2,3
11,0.536780,0.055363,5345,5,4
13,0.562698,0.068322,5242,5,4
8,0.510472,0.042209,4958,4,4
8,0.510349,0.042147,5325,5,4
7,0.499141,0.036543,4884,6,4
11,0.533221,0.053583,5001,4,4
14,0.564098,0.069022,4988,5,4
8,0.506079,0.040012,4946,2,3
10,0.527898,0.050922,5203,5,4
8,0.506363,0.040154,5393,4,4
10,0.528519,0.051232,5485,4,4
18,0.603545,0.088745,5567,6,4
8,0.509801,0.041873,5412,6,4
7,0.493507,0.033726,5420,4,4
11,0.538834,0.056390,5942,5,4
14,0.563687,0.068816,6918,6,4
18,0.613313,0.093629,6649,4,4
14,0.572598,0.073271,6932,6,5
10,0.522800,0.048373,7047,6,4
8,0.505129,0.039537,7465,6,4
7,0.499308,0.036627,7468,4,4
14,0.565149,0.069547,7595,4,4
8,0.510038,0.041992,7621,6,4
9,0.522010,0.047977,7836,4,4
10,0.526712,0.050329,7823,4,4
8,0.510294,0.042120,7941,4,4
14,0.571711,0.072828,8275,6,4
13,0.559232,0.066589,8256,6,4
15,0.575427,0.074686,8236,6,5
11,0.534514,0.054230,8119,4,4
13,0.556578,0.065261,8541,6,4
10,0.526167,0.050056,8624,6,4
17,0.598269,0.086107,8509,4,4
15,0.577020,0.075482,8164,6,5
6,0.491852,0.032899,7442,6,4
7,0.501882,0.037913,7644,6,5
11,0.532631,0.053288,7958,4,4
14,0.567243,0.070594,7919,6,4
8,0.503598,0.038772,7867,6,4
9,0.515616,0.044781,7824,6,5
10,0.528774,0.051360,8242,4,4
10,0.526534,0.050240,8545,4,4
13,0.553400,0.063673,8399,6,4
13,0.560567,0.067256,8464,4,4
12,0.551228,0.062586,7776,4,4
11,0.540009,0.056977,7725,6,4
16,0.586562,0.080254,7746,6,5
20,0.624233,0.099089,7866,2,3
21,0.634091,0.104018,7915,2,3
14,0.566858,0.070402,7961,6,4
13,0.553795,0.063870,8054,6,4
15,0.573942,0.073944,8087,4,4
31,0.744378,0.159162,8801,6,5
25,0.676510,0.125228,7718,4,4
9,0.518884,0.046415,7397,4,4
15,0.579336,0.076641,7546,6,4
15,0.573265,0.073605,7916,6,4
27,0.698524,0.136235,7215,6,4
11,0.541218,0.057582,7510,6,5
10,0.528039,0.050992,8058,6,5
7,0.499140,0.036542,8106,6,5
15,0.576286,0.075116,8257,6,5
15,0.581642,0.077794,7725,2,3
15,0.579408,0.076677,7151,4,4
10,0.530894,0.052420,6948,6,5
15,0.574363,0.074154,7555,6,5
21,0.639637,0.106791,8100,4,4
31,0.741491,0.157718,8629,5,4
8,0.503584,0.038764,8361,4,4
9,0.518492,0.046219,8701,4,4
14,0.570592,0.072269,8926,5,4
16,0.587575,0.080760,8738,4,4
13,0.553191,0.063568,8577,4,4
10,0.523808,0.048877,8577,5,4
14,0.565753,0.069849,8849,5,4
11,0.534880,0.054413,8907,5,4
15,0.573741,0.073843,8904,5,4
21,0.636792,0.105369,9124,5,4
11,0.532857,0.053401,9368,5,4
14,0.565629,0.069787,9452,4,4
11,0.533679,0.053812,9508,5,4
17,0.600872,0.087409,9359,5,4
15,0.578218,0.076081,9813,4,4
12,0.544114,0.059029,9863,5,4
12,0.551808,0.062877,9578,5,4
13,0.561484,0.067715,9491,5,4
22,0.645176,0.109561,9717,4,4
17,0.595662,0.084804,9920,4,4
14,0.572853,0.073399,9929,4,4
7,0.496945,0.035445,9749,5,4
10,0.530908,0.052426,9953,2,3
14,0.566912,0.070428,10112,4,4
17,0.600129,0.087037,9812,5,4
7,0.501381,0.037663,9732,4,4
22,0.651316,0.112631,9838,5,4
9,0.514387,0.044166,9901,5,4
15,0.582851,0.078398,10201,4,4
14,0.568632,0.071289,9938,5,4
13,0.560171,0.067058,10208,5,4
5,0.472979,0.023462,9774,4,4
13,0.558684,0.066315,10442,4,4
16,0.589836,0.081891,10478,4,4
20,0.629934,0.101940,10387,5,4
10,0.526297,0.050121,10218,5,4
17,0.595484,0.084715,10430,4,4
8,0.506051,0.039998,9943,5,4
21,0.642061,0.108003,10383,5,4
10,0.529245,0.051595,10465,5,4
13,0.552929,0.063437,10591,5,4
8,0.507746,0.040846,10347,5,4
14,0.570217,0.072081,10581,6,5
12,0.547479,0.060712,10599,4,4
10,0.524992,0.049469,10571,6,4
9,0.521061,0.047503,10596,6,5
11,0.538945,0.056445,10550,4,4
16,0.589805,0.081875,10560,6,4
13,0.557577,0.065761,10650,6,4
11,0.536911,0.055428,10782,2,3
13,0.558517,0.066231,10704,6,4
17,0.597419,0.085682,10779,6,5
15,0.581436,0.077690,10684,6,4
17,0.603098,0.088522,11101,4,4
14,0.565202,0.069574,10713,6,5
11,0.542306,0.058126,10724,6,4
18,0.607909,0.090927,11035,6,5
24,0.671626,0.122786,11144,6,5
18,0.612976,0.093461,11305,5,4
9,0.515636,0.044791,10798,5,4
8,0.507204,0.040574,10594,5,4
24,0.672428,0.123187,11174,5,4
22,0.653739,0.113842,10993,4,4
17,0.597739,0.085842,10557,5,4
9,0.516388,0.045167,10357,4,4
11,0.541562,0.057754,10462,4,4
10,0.525256,0.049601,10595,5,4
25,0.678578,0.126262,10113,5,4
19,0.618638,0.096291,9713,4,4
9,0.520876,0.047410,9612,5,4
13,0.560821,0.067383,9753,5,4
12,0.545528,0.059737,9953,4,4
17,0.596743,0.085344,9755,5,4
17,0.595052,0.084499,9360,5,4
8,0.511820,0.042882,9048,5,4
19,0.615427,0.094686,9684,4,4
20,0.625770,0.099858,9238,4,4
19,0.617499,0.095722,8764,4,3
16,0.591540,0.082743,8683,4,3
9,0.512341,0.043143,8364,4,3
15,0.573865,0.073905,9081,4,3
23,0.658755,0.116350,9232,4,3
17,0.594976,0.084461,8700,4,4
10,0.527587,0.050766,8303,4,4
10,0.527228,0.050586,8532,4,4
21,0.635792,0.104869,9079,4,4
51,1.145296,0.359621,13929,4,4
15,0.578210,0.076077,8601,5,4
9,0.513553,0.043749,8569,2,3
7,0.500825,0.037385,8512,5,4
16,0.589372,0.081659,8991,4,4
14,0.567119,0.070532,9436,4,4
17,0.601380,0.087663,9041,2,3
14,0.567568,0.070757,8828,4,4
26,0.687463,0.130704,13144,4,4
27,0.698905,0.136425,10503,4,4
46,1.054745,0.314345,13458,4,4
16,0.591120,0.082532,8989,4,3
12,0.549340,0.061643,8747,4,3
14,0.563862,0.068904,8842,4,4
21,0.640071,0.107008,8888,4,3
34,0.771671,0.172808,12123,4,3
11,0.534796,0.054371,8812,4,4
10,0.530869,0.052407,8659,4,4
33,0.759882,0.166913,10656,5,4
30,0.727237,0.150591,12284,5,4
32,0.751780,0.162862,11545,4,4
20,0.627125,0.100535,8186,5,4
13,0.561225,0.067585,8234,5,4
14,0.568619,0.071282,8355,4,3
18,0.604431,0.089188,8686,4,4
27,0.696156,0.135051,9757,4,3
13,0.556652,0.065299,8754,4,3
12,0.548969,0.061457,8857,4,3
22,0.645241,0.109593,8945,4,4
22,0.652212,0.113079,8950,4,4
20,0.627376,0.100660,9015,4,4
19,0.620314,0.097130,8281,4,3
13,0.554001,0.063973,8432,4,4
14,0.565234,0.069590,8704,4,4
26,0.687705,0.130825,12587,4,4
42,0.849152,0.211549,12922,4,4
14,0.565410,0.069678,8783,4,3
11,0.541031,0.057488,8530,4,4
29,0.721896,0.147921,10968,4,4
21,0.638550,0.106248,8801,2,3
20,0.632834,0.103390,8438,4,4
12,0.550024,0.061985,8059,4,4
15,0.580188,0.077067,8086,4,4
13,0.555300,0.064623,8259,4,4
19,0.620547,0.097246,8835,4,4
32,0.754247,0.164096,11638,4,4
11,0.534348,0.054147,8365,4,3
10,0.526618,0.050282,8343,4,3
12,0.551990,0.062968,8721,4,4
10,0.531779,0.052862,9291,4,3
20,0.628261,0.101103,9107,4,3
28,0.711737,0.142841,11334,4,3
26,0.686057,0.130001,8985,4,3
30,0.733152,0.153549,10115,4,3
23,0.655692,0.114819,9948,4,4
35,0.782285,0.178115,11920,4,3
20,0.631786,0.102866,9508,4,4
28,0.706315,0.140130,11129,4,4
21,0.634063,0.104004,9651,4,4
23,0.657768,0.115857,9746,4,3
22,0.649047,0.111496,9785,4,4
27,0.702980,0.138462,10682,5,4
17,0.595621,0.084783,9610,4,4
12,0.545186,0.059566,9598,5,4
13,0.552791,0.063368,10233,5,4
13,0.555897,0.064921,9957,5,4
15,0.573289,0.073617,9680,4,4
10,0.531791,0.052868,9252,4,3
12,0.552317,0.063131,9718,4,3
26,0.685034,0.129490,11626,4,3
26,0.684397,0.129171,10307,4,4
15,0.579882,0.076914,9030,4,4
9,0.515908,0.044927,8823,4,3
10,0.532085,0.053015,9330,4,3
28,0.708138,0.141042,11157,4,4
18,0.610129,0.092037,10021,4,4
10,0.523099,0.048522,9612,4,4
7,0.497805,0.035875,9419,4,4
16,0.586712,0.080329,10392,4,3
38,0.807623,0.190784,13091,4,4
24,0.665696,0.119821,10657,4,3
11,0.533201,0.053573,10593,4,4
14,0.565849,0.069897,10426,4,4
14,0.568427,0.071186,10551,4,4
22,0.646730,0.110337,10563,2,3
16,0.584939,0.079442,10373,5,4
17,0.593705,0.083825,10475,5,4
16,0.592609,0.083277,10870,4,4
17,0.593517,0.083731,10887,4,4
30,0.724687,0.149316,12036,4,4
37,0.799123,0.186534,13262,2,3
35,0.778248,0.176097,13416,4,4
15,0.577693,0.075819,11300,4,4
16,0.586311,0.080128,11502,4,4
9,0.522237,0.048091,11327,7,5
17,0.600878,0.087412,11181,4,4
13,0.554739,0.064342,10680,4,4
10,0.531093,0.052519,10669,4,4
11,0.537217,0.055581,10821,4,4
36,0.794301,0.184123,12915,7,5
24,0.667807,0.120876,10939,4,4
12,0.549957,0.061951,10467,4,4
13,0.553122,0.063534,10740,2,3
14,0.570330,0.072138,10890,4,4
23,0.661091,0.117518,10825,4,4
20,0.633072,0.103509,10388,4,4
14,0.566146,0.070046,9783,4,4
11,0.540977,0.057461,9626,4,4
29,0.720243,0.147094,10493,6,5
28,0.712444,0.143194,11242,4,4
31,0.735379,0.154662,12282,4,4
14,0.568441,0.071193,9324,6,5
10,0.526894,0.050420,9337,7,5
19,0.617979,0.095962,9950,6,5
39,0.819030,0.196488,13296,2,3
40,0.830932,0.202439,12736,4,4
13,0.554989,0.064467,9990,2,3
11,0.538927,0.056436,10049,4,4
25,0.678708,0.126326,11252,4,4
31,0.734783,0.154364,11024,4,4
33,0.761565,0.167755,12778,4,4
16,0.583627,0.078786,9546,4,4
8,0.512134,0.043040,9110,2,3
15,0.573966,0.073956,10155,6,5
22,0.650179,0.112062,10606,4,4
34,0.772678,0.173312,13045,2,3
10,0.530448,0.052196,10766,2,3
8,0.512039,0.042992,10705,2,3
19,0.614809,0.094377,11358,4,4
26,0.686310,0.130128,11505,4,4
25,0.677735,0.125840,11056,2,3
11,0.535506,0.054726,10573,6,5
8,0.504989,0.039467,10284,4,4
17,0.599745,0.086845,10490,2,3
23,0.663500,0.118723,10743,2,3
34,0.769312,0.171628,12049,4,4
9,0.521399,0.047672,10036,6,5
7,0.498849,0.036397,9714,6,5
16,0.584318,0.079132,10604,4,4
19,0.622099,0.098022,10802,7,5
18,0.609487,0.091716,10386,4,4
15,0.574870,0.074407,10127,4,4
10,0.527237,0.050591,9873,4,4
12,0.547285,0.060615,10152,6,5
14,0.572131,0.073038,10596,6,5
17,0.596579,0.085262,10673,4,4
10,0.532373,0.053159,10069,8,6
11,0.539406,0.056676,10133,4,4
26,0.684634,0.129290,10543,6,5
22,0.644407,0.109176,10800,2,3
15,0.575913,0.074929,10300,6,5
8,0.511364,0.042655,9837,6,5
10,0.532144,0.053045,9899,2,3
16,0.588093,0.081019,10527,8,6
34,0.769261,0.171603,13145,6,5
30,0.729502,0.151724,11516,4,4
12,0.551574,0.062760,10461,6,5
13,0.556097,0.065021,10582,4,4
32,0.746804,0.160375,12454,4,4
48,1.099950,0.336948,14704,6,5
29,0.719783,0.146864,11662,4,4
11,0.535832,0.054889,10025,2,3
9,0.520249,0.047097,10226,4,4
16,0.588540,0.081243,10822,4,4
18,0.605172,0.089558,11083,4,4
9,0.513203,0.043574,10703,4,4
8,0.509040,0.041493,10110,6,5
22,0.645267,0.109606,10547,10,6
14,0.569098,0.071521,10611,4,4
20,0.633332,0.103639,10305,4,4
11,0.538720,0.056333,10239,4,4
14,0.571052,0.072499,10351,4,4
8,0.503272,0.038609,10529,8,6
22,0.644723,0.109334,11360,4,4
23,0.655293,0.114619,11227,6,5
15,0.577807,0.075876,10752,4,4
12,0.550015,0.061980,10392,2,3
26,0.688308,0.131127,10645,10,6
25,0.677899,0.125922,10991,8,6
14,0.567547,0.070746,10397,6,5
15,0.582059,0.078002,10277,4,4
11,0.536465,0.055205,10082,6,5
17,0.596099,0.085022,10625,4,4
30,0.732543,0.153244,13262,6,5
28,0.711394,0.142670,12320,4,4
10,0.531213,0.052579,9879,2,3
8,0.509648,0.041796,9752,4,4
23,0.654709,0.114327,10198,6,5
40,0.834465,0.204205,11384,6,5
29,0.722795,0.148370,11120,4,4
9,0.518713,0.046329,10274,4,4
10,0.532389,0.053167,10362,6,5
17,0.602842,0.088394,10757,6,5
17,0.595514,0.084730,10930,4,4
10,0.532144,0.053045,10263,4,4
10,0.529353,0.051649,9973,4,4
16,0.583946,0.078946,10531,4,4
15,0.576971,0.075458,10936,4,4
27,0.698237,0.136091,12120,4,4
11,0.537434,0.055690,10078,6,5
6,0.490086,0.032016,9798,6,4
13,0.562272,0.068108,10629,4,4
21,0.636698,0.105321,11163,2,3
13,0.561078,0.067512,10980,6,4
17,0.596565,0.085255,10887,4,4
11,0.539209,0.056577,10816,4,4
24,0.671607,0.122776,10933,2,3
23,0.657545,0.115745,10806,4,4
13,0.558161,0.066053,10131,6,4
8,0.507811,0.040878,9840,4,4
12,0.547781,0.060863,10135,6,5
16,0.588020,0.080983,10412,4,4
18,0.604456,0.089200,10394,4,4
14,0.566083,0.070014,9985,4,4
6,0.485411,0.029678,9424,4,4
10,0.532423,0.053184,10022,6,5
25,0.677940,0.125943,10382,4,4
24,0.669801,0.121873,9715,2,3
14,0.572312,0.073129,8966,4,4
9,0.522101,0.048023,8446,4,4
7,0.501204,0.037575,8177,4,4
17,0.597525,0.085735,8813,2,3
27,0.698626,0.136286,11191,2,3
13,0.558903,0.066424,8450,4,4
8,0.508650,0.041298,8331,7,5
15,0.575127,0.074536,8739,4,4
18,0.612933,0.093439,8896,4,4
29,0.714644,0.144295,9676,4,4
7,0.502189,0.038067,7821,4,4
11,0.539067,0.056506,8384,7,5
12,0.546795,0.060370,8740,2,3
13,0.561407,0.067676,8894,6,5
14,0.564107,0.069026,8846,4,4
17,0.597922,0.085934,8697,7,5
11,0.539684,0.056815,8837,7,5
25,0.674340,0.124142,10441,4,4
24,0.668969,0.121457,10754,6,5
22,0.646818,0.110382,9412,4,4
15,0.574224,0.074085,9831,2,3
11,0.541598,0.057772,10060,6,5
23,0.653772,0.113859,10628,6,5
24,0.672116,0.123031,10225,4,4
14,0.569926,0.071936,10150,6,5
7,0.501241,0.037593,9627,4,4
16,0.583261,0.078603,10248,6,4
23,0.660635,0.117290,10565,4,4
36,0.786581,0.180263,12710,6,4
13,0.556202,0.065074,10466,6,5
9,0.518451,0.046198,10643,4,4
8,0.508463,0.041204,10741,4,4
16,0.584710,0.079328,10939,4,4
18,0.604225,0.089085,10872,2,3
18,0.606977,0.090461,10901,4,4
9,0.514985,0.044465,10731,4,4
17,0.597479,0.085712,11043,4,4
13,0.560388,0.067167,11147,4,4
18,0.607781,0.090863,11285,6,5
14,0.569649,0.071797,11106,4,4
9,0.519787,0.046866,11384,5,4
10,0.524762,0.049354,11583,4,4
11,0.536097,0.055021,11660,4,4
17,0.602574,0.088260,11651,4,4
8,0.510847,0.042396,11630,4,4
10,0.522516,0.048230,11453,4,4
20,0.628432,0.101189,11927,4,4
22,0.644088,0.109017,12008,5,4
17,0.602595,0.088270,11631,4,4
8,0.503504,0.038724,11116,4,4
7,0.498898,0.036422,11255,4,4
9,0.518539,0.046242,11706,4,4
18,0.605146,0.089546,11739,4,4
26,0.686425,0.130185,11421,4,4
21,0.641520,0.107733,11206,4,4
8,0.510325,0.042135,10878,4,4
12,0.551908,0.062927,11399,4,4
14,0.569238,0.071592,11584,4,4
21,0.642452,0.108199,11560,5,4
9,0.513717,0.043831,11059,4,4
15,0.577325,0.075635,11086,5,4
5,0.480280,0.027112,10432,4,4
13,0.555910,0.064928,11152,4,4
17,0.597140,0.085542,11393,5,4
14,0.567431,0.070688,11136,4,4
7,0.495542,0.034744,10179,4,4
17,0.596689,0.085317,10793,4,4
25,0.675028,0.124487,11029,4,4
23,0.660344,0.117145,10843,4,4
13,0.557437,0.065691,10876,5,4
12,0.548476,0.061211,10924,4,4
14,0.571389,0.072667,11151,4,4
21,0.643008,0.108477,11465,5,4
14,0.566725,0.070335,11219,2,3
17,0.600800,0.087373,10810,4,4
6,0.489474,0.031709,9896,4,4
19,0.617672,0.095809,10955,5,4
18,0.609322,0.091634,10750,5,4
29,0.718471,0.146208,11837,5,4
21,0.641239,0.107592,10105,5,4
8,0.509102,0.041524,9826,4,4
14,0.566577,0.070261,10558,5,4
19,0.614167,0.094056,10683,4,4
14,0.568916,0.071431,10687,4,4
14,0.572619,0.073282,10394,5,4
12,0.544510,0.059228,10423,4,4
20,0.625843,0.099894,10286,2,3
45,1.044553,0.309249,12829,5,4
31,0.735183,0.154564,10798,4,4
13,0.561326,0.067635,9852,4,4
12,0.551496,0.062721,9591,4,4
13,0.559031,0.066488,9527,5,4
12,0.546571,0.060258,9530,2,3
10,0.528103,0.051024,9412,4,4
11,0.537042,0.055494,9454,4,4
8,0.510569,0.042257,9379,4,4
14,0.567917,0.070931,9364,5,4
20,0.629339,0.101642,9740,5,4
18,0.603807,0.088876,9186,4,4
11,0.541830,0.057887,9396,4,4
8,0.509525,0.041735,9453,5,4
14,0.565015,0.069480,9645,4,4
12,0.544603,0.059274,9261,4,4
17,0.599615,0.086780,8965,4,4
14,0.571206,0.072576,8789,4,4
12,0.545733,0.059839,8788,4,4
10,0.531024,0.052484,8852,4,4
23,0.654675,0.114310,9225,5,4
30,0.733531,0.153738,11305,4,4
17,0.596742,0.085343,8915,5,4
9,0.513300,0.043623,8879,5,4
7,0.498061,0.036003,8477,5,4
14,0.570486,0.072216,8844,4,4
21,0.633938,0.103941,8719,4,4
10,0.529911,0.051928,8427,4,4
9,0.515286,0.044615,8158,5,4
15,0.578509,0.076227,8413,4,4
21,0.636667,0.105306,8653,4,4
31,0.736810,0.155378,9842,4,4
13,0.557773,0.065859,8488,4,3
6,0.490329,0.032137,8294,4,3
8,0.507455,0.040700,8774,4,4
16,0.584592,0.079269,9102,4,3
16,0.587725,0.080835,8885,4,3
8,0.511302,0.042624,8638,4,3
11,0.533884,0.053915,8622,4,4
12,0.545010,0.059477,8977,4,3
20,0.626209,0.100077,9361,4,4
37,0.800827,0.187386,10328,4,4
16,0.583088,0.078517,8906,4,4
8,0.508285,0.041115,8486,5,4
9,0.515392,0.044669,8540,4,4
17,0.596381,0.085163,8591,4,4
28,0.711482,0.142714,8671,4,4
14,0.569589,0.071767,8477,4,4
11,0.542255,0.058100,8607,4,4
11,0.536505,0.055225,8769,4,4
14,0.569653,0.071799,9150,4,4
18,0.603811,0.088878,8995,5,4
13,0.555064,0.064505,8757,4,4
10,0.530996,0.052471,8844,4,4
6,0.487620,0.030782,8460,4,4
16,0.590585,0.082265,8962,4,4
21,0.637885,0.105915,8589,4,4
10,0.526212,0.050079,8151,5,4
5,0.477845,0.025895,7735,5,4
13,0.561803,0.067874,8372,5,4
18,0.609657,0.091801,8519,5,4
23,0.656759,0.115352,8295,2,3
13,0.554843,0.064394,8233,5,4
10,0.532169,0.053057,8175,4,4
13,0.560466,0.067205,8642,5,4
13,0.559348,0.066646,9498,5,4
15,0.580386,0.077166,9525,4,4
17,0.599600,0.086773,9150,4,4
7,0.500499,0.037222,8767,4,4
11,0.541137,0.057541,9059,4,4
33,0.763976,0.168961,9908,4,4
39,0.825202,0.199573,10935,4,4
12,0.546930,0.060438,8783,4,4
8,0.506560,0.040253,8390,4,4
8,0.505155,0.039550,8517,4,4
8,0.508831,0.041388,8662,4,4
15,0.576466,0.075205,8695,4,4
12,0.545337,0.059641,8198,4,4
11,0.537846,0.055896,7975,5,4
12,0.551209,0.062577,8033,4,4
20,0.630278,0.102112,8159,2,3
28,0.713020,0.143483,8677,5,4
18,0.612143,0.093044,7557,4,4
9,0.513541,0.043743,7421,4,4
10,0.531248,0.052596,7826,2,3
24,0.672408,0.123177,7985,2,3
16,0.591137,0.082541,7593,4,4
13,0.553473,0.063709,7420,4,4
9,0.515556,0.044750,7177,4,4
13,0.559824,0.066884,7325,4,4
11,0.539284,0.056615,7328,4,4
9,0.517057,0.045501,6674,5,4
11,0.537215,0.055580,6255,5,4
13,0.553920,0.063933,6215,5,4
19,0.613360,0.093652,6538,4,4
13,0.560539,0.067242,6238,4,4
16,0.591901,0.082923,5922,2,3
17,0.597388,0.085666,5679,4,4
9,0.521372,0.047659,5619,4,4
28,0.704581,0.139263,7605,5,4
37,0.803500,0.188723,10613,4,4
21,0.640944,0.107445,6564,5,4
8,0.503558,0.038752,5342,5,4
5,0.480676,0.027311,5289,5,4
10,0.524335,0.049140,5703,4,4
20,0.625026,0.099486,5931,4,4
12,0.547444,0.060695,5486,4,4
10,0.525424,0.049685,5277,4,4
9,0.515094,0.044520,5168,4,4
15,0.578647,0.076296,5273,4,4
8,0.504041,0.038993,5144,4,4
16,0.590445,0.082195,5119,4,4
13,0.555958,0.064951,5039,4,4
11,0.542382,0.058164,4535,6,5
13,0.553665,0.063805,4547,4,4
14,0.568028,0.070987,4763,4,4
11,0.541394,0.057669,4550,6,5
18,0.608440,0.091192,4261,4,4
10,0.531030,0.052488,4341,4,4
12,0.549812,0.061878,4346,4,4
13,0.558604,0.066274,4272,4,4
15,0.578869,0.076407,4049,4,4
11,0.540944,0.057444,3755,4,4
11,0.536500,0.055223,3675,4,4
12,0.544874,0.059410,3878,4,4
32,0.747961,0.160953,12445,2,3
51,1.141819,0.357882,17109,2,3
40,0.835190,0.204567,16550,4,3
40,0.832609,0.203277,17151,4,3
30,0.730294,0.152120,15043,4,3
18,0.610860,0.092403,5786,4,4
52,1.164807,0.369376,17999,4,4
35,0.780160,0.177053,15214,4,4
31,0.738335,0.156140,13511,4,4
37,0.796616,0.185281,16303,4,3
23,0.653970,0.113957,9240,4,3
20,0.631934,0.102939,9924,4,3
17,0.593593,0.083769,3350,4,3
8,0.505518,0.039732,2983,4,3
11,0.538439,0.056192,3041,4,4
13,0.556875,0.065410,2906,4,4
29,0.717471,0.145708,15600,4,4
10,0.530862,0.052403,2970,4,4
11,0.536619,0.055282,2933,4,4
10,0.529632,0.051789,3071,4,4
17,0.603054,0.088500,7092,4,4
17,0.601647,0.087796,7226,5,4
15,0.581990,0.077968,7482,4,4
9,0.521171,0.047558,3044,2,3
4,0.467345,0.020645,2240,5,4
13,0.555592,0.064768,6590,4,4
17,0.596047,0.084996,9279,2,3
12,0.547068,0.060506,10166,5,4
14,0.563696,0.068820,7647,4,4
14,0.571333,0.072639,6173,4,4
8,0.507054,0.040499,2957,5,4
11,0.536982,0.055464,3219,4,4
14,0.563710,0.068827,6633,4,4
21,0.642350,0.108148,12056,4,4
10,0.529347,0.051646,3414,4,4
8,0.508045,0.040995,3502,4,4
13,0.553890,0.063918,7064,4,4
22,0.646060,0.110003,9842,4,4
12,0.546765,0.060355,3807,4,4
13,0.558706,0.066326,3453,4,4
7,0.495824,0.034884,3384,4,4
11,0.534478,0.054212,5604,4,4
10,0.522938,0.048442,3500,4,4
12,0.552693,0.063319,5537,4,4
15,0.579649,0.076797,5169,4,4
10,0.526975,0.050460,3617,4,4
8,0.505102,0.039523,3600,4,3
10,0.525507,0.049726,3719,4,4
11,0.535758,0.054852,3713,4,4
10,0.528739,0.051342,3834,4,4
11,0.533523,0.053734,3777,4,4
9,0.519932,0.046939,3730,4,4
6,0.488422,0.031184,3466,4,4
6,0.489546,0.031746,3536,4,4
9,0.514025,0.043985,3423,4,4
12,0.543863,0.058904,3478,4,4
17,0.600329,0.087137,6086,4,3
12,0.543014,0.058479,3397,4,4
7,0.498165,0.036055,3285,4,4
7,0.494153,0.034049,3266,4,4
8,0.504948,0.039446,3319,5,4
13,0.555587,0.064766,3231,4,4
8,0.505182,0.039563,3239,4,4
11,0.538119,0.056032,3159,4,4
5,0.473090,0.023518,2807,4,4
8,0.510907,0.042426,2920,4,4
8,0.505711,0.039828,2872,4,4
10,0.522745,0.048345,2764,4,4
15,0.579971,0.076958,6879,4,3
8,0.509151,0.041548,2501,4,4
12,0.543904,0.058925,2289,4,4
9,0.522315,0.048130,2211,2,3
8,0.508272,0.041108,2187,4,4
13,0.559205,0.066575,4002,4,4
9,0.519186,0.046566,2243,4,4
15,0.574591,0.074268,8739,4,4
13,0.561460,0.067702,6547,4,4
7,0.496874,0.035409,1529,4,4
7,0.498586,0.036266,1759,2,3
13,0.561978,0.067962,2099,4,4
14,0.568767,0.071356,2335,4,4
9,0.513690,0.043817,2404,5,4
7,0.498591,0.036268,2304,4,4
23,0.655647,0.114796,8987,5,4
15,0.578848,0.076397,2058,5,4
10,0.529042,0.051494,2037,4,4
6,0.491911,0.032928,2024,5,4
10,0.530681,0.052313,2350,4,4
14,0.569502,0.071723,2444,4,4
11,0.535291,0.054618,2365,4,4
19,0.614801,0.094373,8178,4,4
7,0.495760,0.034852,1967,4,4
11,0.536502,0.055224,2163,4,4
14,0.570152,0.072049,2346,4,3
16,0.586400,0.080173,3963,4,3
18,0.613087,0.093516,5162,4,3
18,0.612748,0.093347,5286,4,4
17,0.594369,0.084157,2916,4,4
10,0.524102,0.049024,2750,4,4
10,0.528792,0.051369,2773,4,3
10,0.527321,0.050633,2846,4,4
13,0.561075,0.067510,2945,4,4
21,0.639426,0.106686,9358,4,4
12,0.552009,0.062977,2821,4,4
8,0.509458,0.041702,2785,4,4
9,0.518298,0.046122,2803,4,4
15,0.573406,0.073676,5897,4,4
21,0.639570,0.106758,9254,4,4
23,0.657901,0.115923,11734,4,4
9,0.513296,0.043620,2737,4,4
7,0.495106,0.034526,2584,4,4
10,0.527472,0.050709,2451,4,4
18,0.609024,0.091485,11254,4,4
14,0.570881,0.072413,5809,4,3
12,0.549184,0.061564,6060,4,4
9,0.519783,0.046864,2282,4,4
11,0.541834,0.057889,2421,4,3
16,0.585740,0.079843,9794,4,4
15,0.577377,0.075661,8784,4,4
9,0.515810,0.044878,2483,2,3
11,0.535798,0.054872,6713,4,4
15,0.576022,0.074984,8721,4,4
12,0.546987,0.060466,10209,4,4
15,0.577972,0.075959,8611,4,4
8,0.504093,0.039019,2326,4,4
11,0.535221,0.054583,2517,4,4
14,0.564721,0.069333,5894,5,4
11,0.540031,0.056988,6807,4,4
16,0.584129,0.079037,9262,4,4
8,0.509707,0.041826,2409,5,4
4,0.470937,0.022441,1936,4,4
12,0.548117,0.061031,8629,2,3
8,0.504369,0.039157,2968,6,5
11,0.539682,0.056814,5126,2,3
7,0.500554,0.037250,2943,4,4
8,0.509439,0.041692,3018,4,4
6,0.489845,0.031895,2946,2,3
14,0.567543,0.070744,7954,4,4
20,0.629714,0.101830,10867,4,4
20,0.632766,0.103356,11590,6,5
17,0.594939,0.084442,8053,2,3
11,0.535862,0.054903,4671,4,4
14,0.563542,0.068744,7129,2,3
14,0.567974,0.070960,8394,4,4
9,0.521084,0.047515,2662,4,4
16,0.588930,0.081438,8182,4,4
10,0.525290,0.049617,4526,4,4
9,0.520542,0.047244,7358,4,4
15,0.578783,0.076364,8810,4,4
10,0.528364,0.051155,4772,4,4
12,0.544714,0.059329,4415,4,4
16,0.588833,0.081389,9987,4,4
7,0.493389,0.033667,2385,4,4
13,0.553804,0.063875,7407,4,4
25,0.674241,0.124093,10928,4,4
14,0.563183,0.068564,5260,4,4
17,0.600310,0.087128,7254,4,4
10,0.525487,0.049716,2222,4,4
9,0.520240,0.047093,2400,4,4
11,0.536346,0.055145,4621,5,4
16,0.590181,0.082063,5459,4,4
11,0.539083,0.056514,2641,5,4
11,0.538927,0.056436,4008,4,4
17,0.598851,0.086398,10135,5,4
11,0.534240,0.054093,2426,4,4
16,0.588530,0.081238,6238,5,4
10,0.523986,0.048966,2478,4,4
16,0.591042,0.082494,7519,5,4
7,0.494863,0.034404,2015,4,4
6,0.487148,0.030547,2040,5,4
10,0.527537,0.050741,2142,5,4
18,0.603742,0.088843,7319,4,4
11,0.537661,0.055803,2331,4,4
12,0.550412,0.062178,2350,4,4
28,0.710751,0.142348,14126,4,4
26,0.685284,0.129615,11618,4,4
26,0.686697,0.130321,11691,4,4
100,2.231524,0.902735,22036,5,4
33,0.761002,0.167473,16211,5,4
23,0.655604,0.114775,10353,4,4
18,0.612704,0.093325,5096,4,4
19,0.617162,0.095554,6299,6,5
18,0.609078,0.091512,7967,2,3
23,0.661351,0.117648,10912,2,3
23,0.661515,0.117730,10751,6,5
30,0.725156,0.149550,16283,4,4
49,1.110592,0.342269,18827,4,4
38,0.806749,0.190347,16728,6,5
26,0.688710,0.131328,14127,4,4
18,0.604671,0.089308,7735,4,4
14,0.562906,0.068425,5610,6,5
16,0.585186,0.079566,6718,4,4
13,0.555465,0.064705,5679,4,4
15,0.578253,0.076099,8341,6,5
20,0.630957,0.102451,10384,4,4
20,0.633269,0.103607,11536,2,3
14,0.563820,0.068883,5655,6,5
12,0.545927,0.059936,4227,6,5
11,0.541007,0.057476,2427,4,4
17,0.599293,0.086619,8015,6,5
24,0.672156,0.123051,15883,6,5
16,0.587022,0.080484,13825,4,4
10,0.526509,0.050227,2288,6,4
7,0.497129,0.035537,2181,4,4
19,0.616627,0.095286,14447,4,4
16,0.586750,0.080348,11091,4,4
17,0.600389,0.087167,14753,4,4
13,0.560424,0.067185,7734,4,4
8,0.506796,0.040371,2176,4,4
7,0.499488,0.036717,2213,4,4
15,0.576554,0.075249,12582,4,4
18,0.610462,0.092204,13155,2,3
15,0.577683,0.075814,10537,4,4
11,0.538361,0.056153,7438,4,4
10,0.525558,0.049752,6322,4,4
15,0.581655,0.077800,10956,4,4
11,0.535518,0.054732,6634,5,4
24,0.669973,0.121959,15085,4,4
10,0.522608,0.048277,6728,4,4
6,0.488881,0.031413,2842,4,4
12,0.543382,0.058664,6595,4,4
13,0.555787,0.064866,10076,4,4
13,0.554022,0.063983,9687,4,4
16,0.588667,0.081306,12568,5,4
9,0.515651,0.044798,3391,4,4
12,0.546478,0.060212,3775,5,4
24,0.673826,0.123886,12124,4,4
14,0.565855,0.069900,9701,4,4
22,0.649567,0.111756,12774,4,4
12,0.543107,0.058526,7477,4,4
11,0.542478,0.058211,6453,4,4
15,0.579529,0.076737,10469,4,4
10,0.531751,0.052848,5004,2,3
32,0.751309,0.162627,13706,4,4
13,0.557741,0.065843,8238,4,3
5,0.481174,0.027560,4657,4,4
25,0.674253,0.124099,10258,4,4
23,0.658674,0.116309,11412,4,4
24,0.673286,0.123616,11053,4,4
12,0.552129,0.063037,6758,4,4
10,0.530113,0.052029,4827,4,4
19,0.615571,0.094758,9505,4,4
10,0.532339,0.053142,5188,4,4
12,0.543552,0.058749,5653,4,4
17,0.594376,0.084161,8525,4,4
9,0.516077,0.045011,6324,4,4
6,0.490941,0.032443,6483,6,5
14,0.563558,0.068751,7429,6,5
18,0.608895,0.091420,7976,4,4
20,0.628229,0.101087,8034,4,4
19,0.613946,0.093946,7785,4,4
9,0.517170,0.045558,7356,5,4
12,0.548758,0.061352,7434,4,4
18,0.606971,0.090458,7404,5,4
14,0.564011,0.068978,7255,4,4
22,0.652023,0.112984,6858,5,4
14,0.572503,0.073224,6810,5,4
16,0.585095,0.079520,7036,4,4
22,0.645494,0.109720,8090,4,4
25,0.681796,0.127871,9518,4,4
25,0.677540,0.125742,9157,4,4
14,0.568313,0.071129,5634,4,4
15,0.577525,0.075735,5771,6,5
23,0.659461,0.116703,8019,2,3
24,0.669482,0.121714,7263,4,4
22,0.651513,0.112729,8069,6,5
29,0.716315,0.145130,10601,4,4
13,0.561275,0.067610,4804,6,5
9,0.516821,0.045383,4879,4,4
19,0.615950,0.094948,7681,4,4
18,0.605317,0.089631,5910,4,4
34,0.773959,0.173952,11004,4,4
16,0.583089,0.078517,6767,2,3
18,0.610789,0.092367,6957,4,4
20,0.632075,0.103010,6662,2,3
31,0.742361,0.158153,11475,4,4
23,0.663797,0.118871,8340,6,5
28,0.714197,0.144071,9773,2,3
10,0.530151,0.052048,5697,5,4
13,0.559438,0.066691,5646,4,4
15,0.576048,0.074997,5684,4,4
25,0.682418,0.128182,8489,5,4
35,0.780486,0.177215,9779,4,4
13,0.559301,0.066623,5979,4,4
10,0.526293,0.050119,6233,4,4
11,0.536150,0.055047,6363,5,4
18,0.612370,0.093157,6852,5,4
19,0.614643,0.094294,7053,4,4
14,0.572766,0.073356,7180,5,4
6,0.491246,0.032596,6839,4,4
14,0.571569,0.072757,7399,4,4
18,0.603258,0.088602,7862,4,4
28,0.705372,0.139659,9828,5,4
10,0.528118,0.051032,8078,4,4
4,0.466389,0.020167,5635,4,4
16,0.585452,0.079698,8522,5,4
25,0.683349,0.128647,10018,5,4
28,0.710951,0.142448,10079,4,4
12,0.547528,0.060737,8670,4,4
15,0.580342,0.077144,8504,4,4
17,0.601698,0.087822,8176,4,4
28,0.708308,0.141126,9003,4,3
47,1.079276,0.326611,12145,4,4
17,0.603166,0.088556,8135,4,3
9,0.513748,0.043847,7475,4,4
15,0.580914,0.077430,7469,5,4
26,0.688541,0.131243,7943,5,4
38,0.812360,0.193153,11965,5,4
17,0.598508,0.086227,7827,4,4
15,0.573154,0.073550,7703,5,4
13,0.556155,0.065050,7672,4,4
22,0.648026,0.110986,8025,4,4
45,1.048873,0.311409,13915,4,4
12,0.545133,0.059539,7599,4,4
10,0.523141,0.048543,7178,5,4
10,0.531474,0.052710,7132,5,4
24,0.672433,0.123189,9269,4,4
35,0.781463,0.177704,10885,2,3
21,0.633574,0.103760,7560,5,4
11,0.532664,0.053305,7196,4,4
10,0.524626,0.049286,7115,5,4
15,0.583014,0.078480,7251,4,4
24,0.671599,0.122772,8404,2,3
18,0.606997,0.090471,7222,5,4
16,0.591926,0.082935,6706,4,4
7,0.499879,0.036912,6100,5,4
23,0.656925,0.115435,7345,5,4
20,0.633359,0.103652,6387,5,4
21,0.634622,0.104284,7128,5,4
12,0.544500,0.059223,5945,2,3
11,0.538913,0.056429,6020,5,4
9,0.517442,0.045694,6065,5,4
29,0.718687,0.146316,8910,4,4
35,0.783137,0.178541,10889,4,4
18,0.613117,0.093531,6729,5,4
8,0.504192,0.039069,6439,4,4
16,0.589240,0.081592,6698,4,4
17,0.598823,0.086384,6855,4,4
30,0.726636,0.150291,11545,4,4
17,0.594977,0.084461,6511,4,4
12,0.544234,0.059090,6221,5,4
13,0.555212,0.064579,6142,2,3
24,0.673386,0.123666,8512,4,4
32,0.746383,0.160164,9003,5,4
19,0.617753,0.095849,6911,4,4
12,0.544379,0.059162,6506,4,4
16,0.592569,0.083257,6841,4,4
27,0.699904,0.136925,7938,5,4
33,0.762625,0.168285,10650,2,3
20,0.627212,0.100579,7085,4,4
18,0.608935,0.091440,7190,4,4
13,0.560866,0.067406,6751,5,4
28,0.712007,0.142976,8581,5,4
49,1.119510,0.346728,12310,2,3
14,0.568487,0.071216,6662,5,4
8,0.507125,0.040535,6166,4,4
15,0.578500,0.076223,6174,4,4
20,0.631469,0.102707,6187,4,4
21,0.640851,0.107398,6237,6,5
11,0.542148,0.058047,5995,4,4
10,0.525966,0.049955,5678,2,3
8,0.508407,0.041176,5788,6,5
22,0.643722,0.108834,8109,6,4
18,0.605324,0.089634,6066,6,5
10,0.524826,0.049386,5929,4,4
5,0.479882,0.026914,4876,4,4
8,0.511486,0.042716,5175,4,4
21,0.636112,0.105029,6471,4,4
19,0.615648,0.094797,5397,4,4
9,0.521834,0.047890,4825,4,4
12,0.543653,0.058799,4741,4,4
8,0.510031,0.041988,4743,6,5
23,0.660370,0.117157,8018,6,5
22,0.651544,0.112745,6106,6,4
17,0.596076,0.085011,5186,6,5
5,0.477394,0.025670,4750,4,4
8,0.510478,0.042212,5024,4,4
23,0.658692,0.116319,6753,4,4
16,0.585913,0.079929,6017,2,3
12,0.547775,0.060860,5716,6,5
12,0.542826,0.058386,5766,4,4
11,0.534270,0.054107,6137,6,5
22,0.648291,0.111118,8420,4,4
22,0.646373,0.110159,7452,6,5
10,0.529186,0.051565,6127,4,4
8,0.502854,0.038399,5812,6,5
9,0.516893,0.045419,6234,4,4
18,0.611388,0.092667,6572,6,5
21,0.634592,0.104268,6888,6,5
11,0.538496,0.056221,6329,4,4
10,0.523552,0.048749,6270,6,5
10,0.526290,0.050118,6368,2,3
21,0.641573,0.107759,7817,6,5
28,0.704329,0.139137,8039,4,4
9,0.517540,0.045743,6242,4,4
9,0.512485,0.043215,5950,4,4
8,0.508010,0.040978,5959,4,4
17,0.598301,0.086123,6583,4,4
22,0.647149,0.110547,6727,4,4
15,0.576885,0.075415,6299,4,4
10,0.530016,0.051981,6521,2,3
14,0.569105,0.071525,6850,6,5
17,0.601073,0.087509,6735,4,4
17,0.598428,0.086187,6997,4,4
10,0.529459,0.051702,6990,6,5
12,0.550736,0.062341,6552,4,4
8,0.508814,0.041380,6488,6,5
16,0.590184,0.082065,7107,4,4
24,0.668081,0.121013,8048,2,3
19,0.622791,0.098368,6685,4,4
7,0.497244,0.035595,6298,6,5
8,0.505900,0.039923,6515,4,4
19,0.614557,0.094251,6927,4,4
19,0.622046,0.097996,7496,4,4
17,0.595492,0.084719,7406,6,5
9,0.513523,0.043734,6715,4,4
9,0.519382,0.046664,6815,6,5
19,0.620643,0.097294,7087,2,3
13,0.560867,0.067406,7475,4,4
15,0.575404,0.074674,7484,4,4
10,0.526708,0.050326,6821,4,4
9,0.521212,0.047579,6800,4,4
10,0.525265,0.049605,7061,4,4
17,0.597302,0.085624,7505,6,5
24,0.671914,0.122930,8491,4,4
12,0.545396,0.059671,7247,4,4
6,0.487082,0.030513,6969,4,4
14,0.567647,0.070796,7604,4,3
14,0.566277,0.070111,7758,4,4
16,0.592099,0.083022,7771,4,4
10,0.523611,0.048778,7190,4,3
12,0.543321,0.058633,7503,4,4
10,0.530243,0.052094,7866,4,3
18,0.604025,0.088985,7918,4,4
23,0.662974,0.118459,8536,2,3
10,0.524574,0.049260,7323,4,4
11,0.536038,0.054991,7207,5,4
16,0.589107,0.081526,7774,5,4
21,0.643389,0.108667,7979,4,4
17,0.597746,0.085846,7329,5,4
10,0.528029,0.050987,6959,4,4
9,0.517859,0.045902,7135,4,4
22,0.648087,0.111016,7446,2,3
36,0.790894,0.182419,11551,4,4
18,0.604969,0.089457,7760,4,4
11,0.539078,0.056512,7752,2,3
10,0.530784,0.052365,7695,6,5
35,0.779672,0.176809,12016,4,4
47,1.076675,0.325310,13282,4,4
17,0.598923,0.086434,7500,4,4
15,0.582066,0.078006,7626,2,3
10,0.523878,0.048911,7834,6,5
25,0.677128,0.125537,8145,4,4
36,0.793525,0.183735,11009,6,5
19,0.613818,0.093881,8726,2,3
13,0.561292,0.067618,8412,4,4
12,0.545994,0.059970,8123,6,5
37,0.797540,0.185743,11561,6,5
35,0.782366,0.178156,11267,2,3
13,0.554232,0.064089,7847,4,4
10,0.523548,0.048747,7927,4,4
15,0.576397,0.075171,7771,4,4
24,0.673410,0.123678,8737,4,3
31,0.742984,0.158464,9524,4,3
27,0.704223,0.139084,10053,4,4
12,0.542952,0.058449,8101,4,4
9,0.518110,0.046028,7989,4,4
20,0.626324,0.100135,8577,4,3
8,0.510066,0.042006,8524,2,3
24,0.669705,0.121825,8853,4,4
19,0.620102,0.097024,8087,6,5
13,0.556039,0.064992,8165,4,4
14,0.568629,0.071287,8277,4,4
16,0.585073,0.079509,8573,2,3
15,0.582067,0.078006,8678,6,5
24,0.673427,0.123686,9229,6,5
13,0.559757,0.066851,8027,4,4
15,0.579011,0.076478,8749,2,3
20,0.630619,0.102282,9696,4,4
24,0.668102,0.121024,10030,4,4
16,0.588228,0.081087,9696,4,4
16,0.587452,0.080699,9294,4,4
16,0.590803,0.082374,9517,2,3
24,0.665862,0.119904,11566,4,4
23,0.657556,0.115751,9877,4,4
11,0.539075,0.056510,9667,4,4
9,0.514849,0.044397,9468,5,4
18,0.611688,0.092817,9463,5,4
19,0.615221,0.094583,9301,4,4
28,0.712547,0.143246,9113,4,4
30,0.729928,0.151937,11477,4,4
15,0.580227,0.077086,7904,5,4
19,0.618416,0.096181,8034,4,4
24,0.673036,0.123491,8682,4,4
17,0.602868,0.088407,9008,4,4
15,0.573551,0.073748,8651,4,4
16,0.590143,0.082044,9072,2,3
19,0.623380,0.098662,9184,2,3
25,0.681525,0.127735,8908,4,4
24,0.664349,0.119147,9673,5,4
17,0.596079,0.085012,6845,4,4
9,0.519262,0.046604,6667,4,4
20,0.630684,0.102314,7259,4,4
21,0.636051,0.104998,8150,4,4
22,0.646462,0.110204,8259,4,4
12,0.548726,0.061336,7860,4,4
8,0.509020,0.041483,7906,4,4
14,0.568580,0.071263,8569,4,4
17,0.600342,0.087143,9033,4,4
19,0.622686,0.098316,8507,5,4
6,0.490941,0.032443,7959,4,4
9,0.518004,0.045975,8270,5,4
19,0.613863,0.093904,8843,4,4
17,0.601888,0.087917,8956,5,4
16,0.586617,0.080281,9060,4,4
13,0.554833,0.064389,8549,4,4
13,0.556310,0.065128,8316,4,4
21,0.640018,0.106982,8516,4,4
17,0.599200,0.086573,8265,4,4
21,0.636746,0.105345,7626,4,4
6,0.491437,0.032691,7059,4,4
7,0.500903,0.037424,7465,4,4
19,0.622123,0.098034,8417,4,4
20,0.629216,0.101581,8726,2,3
17,0.593622,0.083784,9087,4,4
14,0.564225,0.069085,8329,4,4
15,0.576214,0.075080,8590,4,4
22,0.651895,0.112920,8766,5,4
27,0.697671,0.135808,9405,2,3
23,0.659771,0.116858,8365,6,5
6,0.484832,0.029389,7635,4,4
13,0.555006,0.064475,8166,4,4
16,0.590979,0.082462,8662,7,5
17,0.596354,0.085150,9163,6,5
14,0.570534,0.072240,9237,4,4
8,0.509632,0.041789,8599,4,4
17,0.602585,0.088265,9264,2,3
14,0.566248,0.070097,9384,4,4
15,0.578463,0.076204,9581,6,5
13,0.560173,0.067059,8780,6,5
14,0.568761,0.071353,8739,4,4
10,0.530555,0.052250,8648,2,3
20,0.628940,0.101443,9151,6,5
33,0.758173,0.166059,12233,4,4
11,0.535212,0.054579,8379,4,4
9,0.519510,0.046728,8075,2,3
19,0.616642,0.095294,8628,4,4
26,0.686479,0.130212,10819,4,4
22,0.645431,0.109688,8690,2,3
10,0.530095,0.052020,8310,6,5
10,0.528052,0.050998,8358,4,4
28,0.714098,0.144022,10281,6,5
21,0.637886,0.105916,8872,4,4
13,0.553854,0.063900,8907,4,4
12,0.550991,0.062468,8307,4,4
13,0.560713,0.067329,8411,4,4
17,0.598736,0.086341,8884,5,4
21,0.637627,0.105786,8975,4,4
20,0.624176,0.099061,8552,4,4
9,0.514277,0.044111,8269,4,4
11,0.541071,0.057508,8666,4,4
25,0.677172,0.125558,9044,4,4
15,0.576907,0.075426,9176,4,4
18,0.605025,0.089485,9144,4,4
7,0.492229,0.033087,8059,2,3
12,0.542807,0.058376,8622,4,4
22,0.653460,0.113703,9000,4,4
18,0.611352,0.092649,9378,4,4
14,0.567772,0.070859,8909,4,4
9,0.516652,0.045299,8423,2,3
10,0.527494,0.050720,8512,4,4
22,0.653089,0.113517,9356,5,4
21,0.635134,0.104540,9998,4,4
10,0.528757,0.051351,9736,4,4
7,0.492487,0.033216,8883,5,4
15,0.576763,0.075354,9340,4,4
18,0.613084,0.093515,9202,4,4
23,0.656525,0.115235,8960,4,4
14,0.566085,0.070015,7249,5,4
10,0.531991,0.052968,7122,6,4
13,0.558583,0.066264,7205,6,5
17,0.597677,0.085811,7487,6,5
19,0.617522,0.095734,7395,6,5
13,0.556619,0.065282,6971,6,4
8,0.502261,0.038103,6808,4,4
17,0.597246,0.085596,7438,4,4
13,0.558547,0.066246,7646,4,4
26,0.692493,0.133219,7079,4,4
13,0.557019,0.065482,7182,4,4
10,0.530598,0.052272,7201,2,3
10,0.525590,0.049768,7104,4,4
17,0.598228,0.086087,7583,4,4
19,0.619786,0.096866,7683,4,4
17,0.597362,0.085654,7506,6,5
8,0.510482,0.042214,7120,4,4
13,0.559925,0.066935,7498,4,4
13,0.559186,0.066566,7656,4,4
24,0.670130,0.122038,7406,6,5
14,0.568332,0.071139,7140,6,5
11,0.533086,0.053516,7027,4,4
12,0.547303,0.060624,7299,2,3
17,0.598411,0.086178,7787,4,4
14,0.565929,0.069937,7277,4,4
11,0.538615,0.056280,6796,4,4
7,0.494912,0.034429,6712,4,4
12,0.549982,0.061964,7361,6,4
19,0.623077,0.098511,7568,4,4
19,0.617305,0.095625,7414,4,4
19,0.621542,0.097744,7019,2,3
12,0.550691,0.062318,6835,2,3
15,0.577502,0.075724,7028,2,3
14,0.565626,0.069786,7145,6,4
15,0.579614,0.076780,6938,4,4
13,0.556076,0.065011,6812,4,4
11,0.540750,0.057348,6800,4,4
13,0.556590,0.065268,6819,4,4
14,0.572528,0.073237,7043,4,4
17,0.595464,0.084705,6957,5,4
12,0.547314,0.060630,6438,5,4
8,0.505451,0.039698,6306,4,4
15,0.578187,0.076066,6902,5,4
27,0.698258,0.136102,8032,2,3
27,0.700440,0.137192,8429,5,4
9,0.516066,0.045006,6360,2,3
11,0.540261,0.057103,6474,4,4
17,0.600104,0.087024,6948,5,4
13,0.562728,0.068337,6870,4,4
19,0.622543,0.098244,6736,5,4
16,0.590085,0.082015,6448,5,4
20,0.624315,0.099130,6400,6,5
11,0.532924,0.053435,6551,2,3
20,0.632945,0.103445,6954,4,4
19,0.614874,0.094410,7525,6,5
11,0.534435,0.054190,6763,6,5
14,0.565961,0.069953,7015,6,5
16,0.588968,0.081456,7058,4,4
19,0.618922,0.096433,7235,2,3
21,0.633881,0.103913,7954,4,4
13,0.554165,0.064055,6488,6,4
13,0.556865,0.065405,6589,4,4
11,0.536545,0.055245,6675,4,4
16,0.587272,0.080608,6999,4,4
21,0.633941,0.103943,7083,4,4
15,0.573059,0.073502,6918,6,4
13,0.561459,0.067702,6969,4,4
17,0.602371,0.088158,7391,4,4
16,0.593057,0.083501,7590,4,4
21,0.638716,0.106330,8191,4,4
17,0.599993,0.086969,6699,5,4
11,0.542213,0.058079,6683,4,4
8,0.510209,0.042077,6759,5,4
18,0.608504,0.091225,7321,5,4
19,0.618238,0.096091,7419,4,4
16,0.586876,0.080411,6894,4,4
12,0.542966,0.058456,6832,4,4
19,0.615856,0.094901,7185,4,4
16,0.584441,0.079193,7236,2,3
20,0.626023,0.099984,7137,2,3
17,0.595721,0.084833,7011,7,5
13,0.556010,0.064978,6722,6,5
12,0.545495,0.059720,6845,4,4
16,0.589610,0.081777,7330,2,3
23,0.654390,0.114167,6940,4,4
12,0.551527,0.062736,6854,4,4
5,0.481895,0.027920,6481,2,3
13,0.562439,0.068192,6930,2,3
19,0.614466,0.094205,7172,4,4
23,0.656931,0.115438,7751,6,5
13,0.561191,0.067568,6479,6,5
10,0.527103,0.050524,6402,2,3
10,0.526416,0.050181,6721,2,3
20,0.626045,0.099995,7206,2,3
17,0.599193,0.086569,7551,4,4
21,0.637283,0.105614,7409,2,3
13,0.554883,0.064414,7033,7,5
14,0.568800,0.071372,7433,4,4
21,0.636718,0.105332,7500,2,3
30,0.727691,0.150818,10755,6,5
13,0.559075,0.066510,6763,6,5
12,0.549606,0.061776,6724,4,4
10,0.525425,0.049685,6724,6,5
19,0.621738,0.097842,7247,6,5
23,0.659853,0.116899,8491,4,4
16,0.583248,0.078597,7348,6,5
7,0.493645,0.033795,6911,5,4
18,0.604771,0.089358,7176,5,4
24,0.667553,0.120749,8460,4,4
28,0.708633,0.141289,8554,4,4
13,0.554458,0.064202,6618,5,4
11,0.542105,0.058025,6532,4,4
8,0.511053,0.042499,6736,5,4
21,0.633829,0.103887,6931,2,3
19,0.620432,0.097188,7159,5,4
16,0.584431,0.079188,6734,4,4
18,0.612416,0.093180,6593,4,4
26,0.689309,0.131627,9248,2,3
37,0.801989,0.187967,10883,4,4
39,0.823441,0.198693,10713,4,4
24,0.671261,0.122603,6958,4,4
30,0.730043,0.151994,8032,5,4
21,0.642776,0.108361,7170,4,4
24,0.668913,0.121429,8199,4,4
22,0.649386,0.111665,7631,4,4
17,0.598939,0.086442,7657,4,4
11,0.539080,0.056512,7047,4,4
27,0.701171,0.137558,9675,5,4
27,0.701794,0.137870,9549,4,4
41,0.837307,0.205626,11075,5,4
20,0.627271,0.100608,7843,4,4
13,0.556076,0.065011,6709,4,4
11,0.541580,0.057762,6609,4,4
26,0.694000,0.133973,8633,4,4
32,0.747486,0.160716,10817,4,4
20,0.630559,0.102252,7014,4,4
12,0.545058,0.059502,6615,4,4
33,0.755722,0.164834,10593,4,4
32,0.753340,0.163643,10175,4,4
32,0.753899,0.163922,11076,4,4
14,0.567243,0.070594,6279,4,4
11,0.536563,0.055254,6156,4,4
19,0.621235,0.097590,6330,4,4
22,0.650778,0.112362,6698,4,4
24,0.668229,0.121087,8342,4,4
19,0.620974,0.097460,6907,2,3
13,0.561405,0.067675,6680,6,5
37,0.799031,0.186488,12355,6,5
27,0.700598,0.137272,9880,4,4
25,0.680903,0.127424,9157,4,4
18,0.603384,0.088664,6294,2,3
16,0.586673,0.080309,5886,2,3
22,0.650088,0.112016,6213,4,4
43,0.863430,0.218688,11533,4,4
42,0.848295,0.211120,12718,4,4
15,0.580252,0.077098,6226,4,4
11,0.541844,0.057895,6182,4,4
31,0.744437,0.159191,11450,4,4
24,0.671742,0.122844,8516,4,4
23,0.661233,0.117589,7328,4,4
13,0.556315,0.065130,6129,4,4
12,0.551293,0.062619,6130,4,4
23,0.659763,0.116854,8209,4,4
44,0.870902,0.222423,12506,4,4
30,0.724878,0.149412,9349,4,4
16,0.585918,0.079931,6224,4,4
11,0.533191,0.053568,6321,6,5
29,0.718781,0.146363,9487,2,3
38,0.812077,0.193011,11678,2,3
15,0.577271,0.075608,6409,4,4
12,0.543613,0.058779,6323,4,4
9,0.515379,0.044662,6232,4,4
10,0.523189,0.048567,6316,6,4
20,0.625389,0.099667,7761,4,4
15,0.577637,0.075791,6812,4,4
14,0.567134,0.070540,6469,5,4
11,0.536732,0.055339,6626,5,4
16,0.592573,0.083259,7154,5,4
15,0.576571,0.075258,7280,4,4
20,0.629705,0.101825,7142,4,4
13,0.559145,0.066545,6654,4,4
12,0.544248,0.059097,6808,2,3
8,0.511247,0.042596,7182,4,4
25,0.676805,0.125375,7678,4,4
16,0.586355,0.080150,7749,2,3
10,0.531448,0.052697,7401,4,4
14,0.567901,0.070923,7394,4,4
21,0.639466,0.106706,7701,4,4
27,0.699321,0.136633,9482,4,4
31,0.740477,0.157211,9175,4,4
13,0.557953,0.065949,7644,5,4
11,0.537662,0.055804,7678,4,4
18,0.611200,0.092573,8207,4,4
24,0.668231,0.121088,8434,5,4
18,0.603773,0.088859,8531,4,4
11,0.535783,0.054864,8302,5,4
7,0.492588,0.033267,8137,4,4
27,0.703988,0.138966,9496,4,4
15,0.575841,0.074893,8936,4,4
20,0.629751,0.101848,8657,4,4
22,0.647686,0.110815,8216,4,4
13,0.555984,0.064965,8239,4,4
38,0.806115,0.190030,9622,4,4
44,0.875287,0.224616,9879,4,4
14,0.571531,0.072738,8376,5,4
11,0.537874,0.055910,8266,2,3
29,0.717448,0.145697,10182,4,4
19,0.613643,0.093794,8657,4,4
42,0.854476,0.214211,10825,4,4
20,0.630043,0.101994,7751,5,4
20,0.628280,0.101113,7557,5,4
12,0.550223,0.062084,7222,4,4
28,0.709282,0.141613,8392,5,4
31,0.736316,0.155131,9011,2,3
16,0.585113,0.079529,7352,4,4
17,0.596020,0.084983,6789,4,4
37,0.796030,0.184987,10462,2,3
33,0.759761,0.166853,8475,4,4
31,0.735754,0.154850,10034,4,4
20,0.624882,0.099414,6126,4,4
18,0.603888,0.088917,6149,4,4
12,0.551407,0.062676,5993,4,4
32,0.748727,0.161336,8388,5,4
33,0.762667,0.168306,10289,5,4
13,0.558390,0.066168,6139,4,4
9,0.518556,0.046251,5477,2,3
20,0.627825,0.100885,5978,2,3
20,0.625556,0.099751,6294,2,3
34,0.767725,0.170835,9531,4,4
15,0.575342,0.074644,6316,4,4
9,0.517607,0.045776,5935,4,4
16,0.583449,0.078697,5814,6,5
29,0.723465,0.148705,8734,4,4
43,0.865564,0.219755,10327,6,5
19,0.613464,0.093705,6592,2,3
8,0.508362,0.041154,6325,4,4
11,0.541021,0.057483,6726,4,4
21,0.638006,0.105975,6852,4,4
19,0.623131,0.098538,7140,4,4
14,0.566312,0.070129,7187,2,3
18,0.603694,0.088819,7075,6,5
10,0.531483,0.052714,7056,6,5
26,0.685917,0.129931,7466,2,3
37,0.798303,0.186124,10275,4,4
21,0.640796,0.107370,7795,6,5
12,0.551142,0.062544,7650,4,4
16,0.586971,0.080458,7679,4,4
20,0.624323,0.099134,8011,4,4
21,0.636056,0.105001,8638,4,4
30,0.729164,0.151555,8741,4,4
14,0.563797,0.068871,8134,2,3
10,0.524299,0.049122,7915,5,4
12,0.551372,0.062658,7880,4,4
28,0.705023,0.139484,9069,4,4
23,0.663633,0.118789,8468,5,4
12,0.552727,0.063336,8411,4,4
12,0.551270,0.062608,8283,4,4
25,0.675844,0.124895,8564,4,4
30,0.734400,0.154173,10925,4,4
22,0.652045,0.112995,8270,4,4
9,0.516808,0.045376,8046,4,4
11,0.540814,0.057379,8133,4,4
15,0.580629,0.077287,8424,5,4
28,0.712083,0.143014,8421,2,3
32,0.748258,0.161102,9870,4,4
15,0.573747,0.073846,7997,4,4
16,0.588849,0.081397,7758,5,4
15,0.579242,0.076593,7525,4,4
30,0.734311,0.154128,9561,2,3
29,0.715671,0.144808,8994,4,4
10,0.528827,0.051386,6864,6,5
6,0.484254,0.029100,6223,4,4
15,0.575909,0.074927,6653,4,4
26,0.690384,0.132165,10305,4,4
32,0.754223,0.164084,10461,2,3
12,0.552562,0.063254,6898,2,3
8,0.502476,0.038211,6396,2,3
16,0.589862,0.081904,6792,6,5
19,0.616050,0.094997,6840,6,5
19,0.615919,0.094932,6647,2,3
20,0.630839,0.102392,6715,4,4
8,0.510381,0.042163,6520,6,5
7,0.502220,0.038083,6331,4,4
26,0.687172,0.130559,7864,2,3
28,0.709011,0.141478,9488,4,4
8,0.511276,0.042611,6515,4,4
6,0.486528,0.030237,6161,4,4
19,0.615790,0.094868,7073,5,4
17,0.598079,0.086012,7046,2,3
21,0.643459,0.108702,7191,4,4
29,0.722040,0.147992,7803,4,4
13,0.562445,0.068195,7100,5,4
13,0.558516,0.066231,7443,2,3
34,0.773971,0.173958,10967,4,4
29,0.716377,0.145161,10407,4,4
10,0.527906,0.050926,7969,4,4
8,0.508428,0.041186,7512,4,4
9,0.519305,0.046625,7858,5,4
23,0.662400,0.118172,8267,4,4
18,0.604735,0.089340,8382,4,4
11,0.539722,0.056834,8036,5,4
17,0.602497,0.088221,7753,2,3
11,0.533204,0.053575,7803,2,3
29,0.724109,0.149027,9126,4,4
19,0.617445,0.095695,8468,4,4
21,0.638956,0.106451,8117,4,4
9,0.519002,0.046474,7945,4,4
9,0.516049,0.044997,7827,5,4
20,0.629083,0.101514,8283,4,4
13,0.555932,0.064939,8220,5,4
10,0.529484,0.051715,7861,4,3
20,0.626915,0.100430,7454,4,3
11,0.533739,0.053842,7279,4,4
44,0.871597,0.222771,11976,4,4
20,0.632603,0.103274,7551,2,3
13,0.558281,0.066113,7216,4,3
14,0.565174,0.069560,7285,4,4
9,0.519251,0.046598,7588,5,4
30,0.730156,0.152050,8043,5,4
29,0.715109,0.144527,9349,5,4
20,0.629461,0.101703,7518,4,4
14,0.570409,0.072177,7381,4,4
7,0.494453,0.034199,7200,4,4
12,0.548285,0.061115,7961,4,4
22,0.652110,0.113028,8495,5,4
28,0.706812,0.140378,8930,4,4
16,0.590504,0.082224,8504,5,4
14,0.566661,0.070303,8465,4,4
7,0.497921,0.035933,8168,4,4
20,0.626719,0.100332,8770,4,4
18,0.607704,0.090824,8466,5,4
16,0.591490,0.082718,8309,4,4
9,0.513855,0.043900,7740,4,4
9,0.521691,0.047818,7877,4,4
18,0.608179,0.091062,8351,4,4
19,0.617892,0.095918,8288,4,4
16,0.589767,0.081856,8020,4,4
16,0.588461,0.081203,8056,5,4
11,0.539727,0.056836,8093,2,3
32,0.748799,0.161372,9895,4,4
18,0.611854,0.092900,7967,5,4
19,0.620305,0.097125,7591,4,4
16,0.592232,0.083089,7834,4,4
41,0.836176,0.205061,11262,5,4
38,0.813478,0.193712,10183,4,4
32,0.754030,0.163988,8562,4,4
34,0.771923,0.172934,10759,5,4
16,0.590362,0.082153,8647,4,4
47,1.074247,0.324096,11803,4,4
21,0.641565,0.107755,8697,4,4
41,0.843659,0.208802,11124,4,4
21,0.641218,0.107582,8596,4,4
28,0.710358,0.142152,8773,5,4
36,0.793129,0.183537,10596,5,4
20,0.628024,0.100985,8239,5,4
23,0.656554,0.115250,8376,5,4
14,0.563938,0.068942,8727,4,4
21,0.635548,0.104746,8595,4,4
34,0.768844,0.171395,8482,4,4
22,0.645194,0.109570,7965,4,3
24,0.670979,0.122462,7975,4,3
11,0.539700,0.056823,7516,4,3
40,0.832029,0.202987,10771,4,4
44,0.874904,0.224425,12194,4,3
12,0.549594,0.061770,7518,5,4
15,0.578314,0.076130,8005,4,4
12,0.544069,0.059007,8413,4,4
43,0.862418,0.218182,11374,4,4
19,0.619013,0.096479,8119,5,4
24,0.673082,0.123514,7995,5,4
13,0.561776,0.067861,8038,4,4
45,0.876046,0.224996,11972,4,4
27,0.701392,0.137669,9389,4,4
15,0.579161,0.076553,9371,4,4
22,0.650375,0.112160,8820,4,4
10,0.532464,0.053204,8584,2,3
14,0.572479,0.073212,8697,5,4
46,1.053386,0.313665,11529,4,4
28,0.709599,0.141772,9582,5,4
14,0.567007,0.070476,7956,5,4
10,0.532017,0.052981,7816,4,4
35,0.782254,0.178100,10710,4,4
49,1.114221,0.344083,13645,4,4
21,0.642106,0.108026,7956,4,4
14,0.562843,0.068394,7527,4,4
7,0.498773,0.036359,7781,4,4
11,0.540023,0.056984,8284,4,4
16,0.587759,0.080852,8401,4,4
32,0.745239,0.159592,10232,2,3
30,0.731461,0.152703,11345,2,3
16,0.590586,0.082265,7594,2,3
16,0.591968,0.082956,8033,4,4
20,0.625849,0.099897,8119,4,4
17,0.596904,0.085425,7991,6,5
14,0.569495,0.071720,7993,4,4
13,0.560030,0.066988,8411,4,4
17,0.602585,0.088265,8748,6,5
18,0.607783,0.090864,8617,4,4
18,0.609878,0.091911,8417,4,4
18,0.605541,0.089743,8242,6,5
14,0.570245,0.072095,8006,4,4
16,0.591290,0.082618,8437,4,4
24,0.664202,0.119074,8834,6,5
19,0.616790,0.095368,8800,4,4
16,0.590721,0.082333,8867,4,4
15,0.578427,0.076186,8809,4,4
26,0.687264,0.130605,9590,4,4
17,0.600868,0.087407,10358,5,4
18,0.611111,0.092528,10604,4,4
13,0.557204,0.065575,10738,4,4
25,0.677566,0.125756,11157,2,3
16,0.587262,0.080603,11506,4,4
22,0.649903,0.111924,11573,4,4
26,0.686696,0.130320,11084,4,4
16,0.583045,0.078495,10923,2,3
9,0.518418,0.046181,10872,4,4
28,0.711616,0.142780,11272,4,4
32,0.754523,0.164234,11026,5,4
28,0.705516,0.139731,10242,4,4
19,0.619056,0.096500,10006,4,3
32,0.745688,0.159817,10999,4,4
29,0.723909,0.148927,10572,4,3
34,0.771531,0.172738,11173,4,4
27,0.697327,0.135636,10973,4,3
27,0.699465,0.136705,11037,4,3
20,0.625240,0.099593,9853,4,3
22,0.649110,0.111528,9735,4,4
33,0.757366,0.165655,11424,5,4
28,0.706756,0.140351,10067,5,4
18,0.605276,0.089611,9893,4,4
22,0.645108,0.109527,9656,4,4
29,0.722171,0.148058,10484,4,4
24,0.670045,0.121995,9746,4,4
14,0.567619,0.070782,9368,4,4
12,0.552234,0.063090,9752,4,4
20,0.626736,0.100340,9727,5,4
30,0.728424,0.151184,9567,4,4
23,0.657882,0.115914,9478,5,4
27,0.701440,0.137693,10219,4,4
13,0.558993,0.066469,9216,4,4
28,0.713654,0.143800,10283,4,4
16,0.585207,0.079576,9313,4,4
29,0.719584,0.146765,10919,4,4
12,0.546899,0.060422,8975,4,4
11,0.538864,0.056405,8866,5,4
20,0.630310,0.102128,9058,4,4
13,0.561385,0.067665,8904,4,4
17,0.596702,0.085324,8971,4,4
17,0.596013,0.084979,8809,6,5
15,0.580093,0.077019,8859,4,4
24,0.663903,0.118924,8870,4,4
18,0.604294,0.089119,8828,4,4
23,0.655885,0.114915,9304,4,4
23,0.655847,0.114896,8677,6,5
10,0.526712,0.050329,8668,6,5
28,0.705692,0.139819,10772,4,4
17,0.593619,0.083782,9259,4,4
18,0.603244,0.088595,8903,4,4
14,0.569296,0.071621,8571,4,4
9,0.519652,0.046798,8221,4,4
19,0.615709,0.094827,8543,4,4
12,0.548512,0.061228,8685,4,4
19,0.621957,0.097951,8286,5,4
15,0.579674,0.076810,7830,5,4
10,0.528278,0.051111,7798,5,4
22,0.644992,0.109468,8545,4,4
16,0.591877,0.082911,8435,4,4
30,0.726005,0.149975,9398,4,4
16,0.585092,0.079518,8738,5,4
11,0.534645,0.054295,8227,5,4
16,0.590347,0.082146,8617,4,4
17,0.596830,0.085387,8964,4,4
18,0.605239,0.089592,8218,4,4
13,0.559261,0.066603,7781,4,4
12,0.550627,0.062286,7572,4,4
16,0.592416,0.083181,7847,4,4
19,0.619136,0.096541,7740,4,3
15,0.581753,0.077849,7681,4,4
18,0.606503,0.090224,7795,5,4
10,0.525176,0.049561,7389,5,4
20,0.623483,0.098714,7816,4,4
15,0.574724,0.074335,7753,4,4
21,0.641040,0.107493,7975,4,4
12,0.551741,0.062843,7494,4,4
6,0.486031,0.029988,6903,5,4
21,0.641660,0.107803,7762,5,4
19,0.614960,0.094452,8325,4,4
20,0.630269,0.102107,7842,4,4
17,0.594812,0.084379,7794,4,4
12,0.543454,0.058700,7504,5,4
16,0.583885,0.078915,7946,5,4
24,0.666759,0.120352,8540,5,4
30,0.728631,0.151288,9997,4,4
16,0.591042,0.082494,7885,5,4
6,0.484190,0.029068,7083,4,4
24,0.672064,0.123004,7830,2,3
22,0.653686,0.113816,7849,2,3
14,0.564598,0.069271,7967,2,3
19,0.619698,0.096821,7784,4,4
10,0.530670,0.052307,7460,4,4
16,0.585472,0.079709,7704,2,3
23,0.657587,0.115766,8022,4,4
21,0.639132,0.106539,8247,4,4
13,0.562733,0.068339,7706,5,4
8,0.512076,0.043011,7119,4,4
24,0.668187,0.121066,8511,4,4
15,0.575147,0.074546,7558,4,4
16,0.583379,0.078662,7503,5,4
18,0.604588,0.089266,7427,4,4
9,0.521632,0.047789,7069,5,4
17,0.602372,0.088158,7520,5,4
34,0.773516,0.173731,10789,4,4
22,0.652196,0.113071,7954,5,4
23,0.662900,0.118423,8699,4,4
10,0.528425,0.051185,7479,4,4
15,0.578854,0.076400,7982,4,4
14,0.564058,0.069002,8016,4,4
20,0.625678,0.099812,8048,4,4
13,0.556464,0.065205,8081,5,4
9,0.520760,0.047353,7448,4,4
10,0.526299,0.050122,7852,4,4
25,0.680569,0.127257,9996,5,4
16,0.586192,0.080069,8120,4,4
17,0.596318,0.085132,7842,4,4
19,0.614620,0.094283,7916,4,4
26,0.693819,0.133882,12107,4,4
30,0.731736,0.152841,9048,4,4
42,0.852036,0.212991,11380,4,4
23,0.662666,0.118306,8567,4,4
17,0.593874,0.083910,8710,5,4
23,0.659805,0.116875,8767,4,4
57,1.262164,0.418054,13694,4,4
47,1.071419,0.322682,11864,4,4
28,0.710423,0.142184,9605,4,4
15,0.582213,0.078079,8640,4,4
24,0.670056,0.122001,8607,4,4
46,1.062349,0.318147,12198,4,4
53,1.189100,0.381523,13212,4,4
32,0.752757,0.163351,9636,4,4
19,0.614573,0.094259,8604,4,4
14,0.570874,0.072410,8260,4,4
41,0.836199,0.205072,12265,4,4
42,0.846851,0.210398,12282,4,4
20,0.627716,0.100830,8479,5,4
20,0.623699,0.098822,8801,4,4
23,0.662729,0.118337,9620,5,4
37,0.804848,0.189396,12378,5,4
29,0.714789,0.144367,9408,4,4
30,0.731651,0.152798,12412,4,4
15,0.572978,0.073462,8006,4,4
12,0.551433,0.062689,7588,2,3
18,0.605175,0.089560,7819,4,4
12,0.545359,0.059652,7681,6,5
19,0.622975,0.098460,7487,4,4
13,0.553223,0.063584,7626,4,4
10,0.526243,0.050094,7829,4,4
23,0.656219,0.115082,9471,6,5
18,0.603305,0.088625,8769,4,4
22,0.643877,0.108911,8386,4,4
8,0.511269,0.042607,7753,4,4
8,0.509507,0.041726,7663,4,4
16,0.590141,0.082043,8147,6,5
17,0.598380,0.086162,8212,4,4
21,0.636974,0.105460,7953,4,4
12,0.548394,0.061169,7506,4,4
9,0.513413,0.043679,7462,2,3
22,0.647834,0.110890,8000,4,4
19,0.620593,0.097269,8116,4,4
27,0.698985,0.136465,10440,4,4
9,0.521879,0.047912,7540,4,4
11,0.533431,0.053688,7492,4,4
24,0.672576,0.123261,8908,4,4
22,0.646817,0.110381,9309,4,4
23,0.654175,0.114060,9086,4,4
12,0.549153,0.061549,7719,4,4
15,0.577557,0.075751,7557,5,4
22,0.649491,0.111718,8921,5,4
19,0.614056,0.094001,8049,2,3
23,0.656172,0.115058,9152,5,4
12,0.545603,0.059774,7383,5,4
12,0.552326,0.063136,7174,4,4
23,0.657956,0.115951,8780,4,4
23,0.659435,0.116690,8129,4,4
27,0.696735,0.135340,9294,4,4
16,0.588936,0.081441,8383,2,3
7,0.501571,0.037758,7880,5,4
29,0.717681,0.145813,9489,4,4
21,0.642055,0.108000,8406,2,3
24,0.673920,0.123933,8290,4,4
17,0.594709,0.084327,8251,4,4
13,0.558741,0.066343,8327,4,4
19,0.622600,0.098273,8675,4,4
21,0.635803,0.104874,8601,4,4
23,0.659112,0.116529,8534,6,5
13,0.552955,0.063450,8331,6,5
13,0.552993,0.063469,7988,6,5
20,0.627674,0.100810,8448,4,4
15,0.573132,0.073539,8677,6,5
26,0.693234,0.133590,8799,4,4
12,0.548202,0.061074,8298,6,5
10,0.531276,0.052611,8120,6,5
14,0.567429,0.070687,8718,6,5
21,0.639604,0.106775,8895,4,4
16,0.585924,0.079935,8808,4,4
17,0.593171,0.083558,8619,4,4
7,0.499502,0.036724,8099,4,4
24,0.665291,0.119618,8917,4,4
20,0.633535,0.103740,9073,6,5
25,0.676427,0.125186,9771,4,4
18,0.607344,0.090645,8221,4,4
17,0.595670,0.084808,8336,6,5
14,0.565915,0.069930,8600,2,3
12,0.551065,0.062505,8854,4,4
15,0.579214,0.076580,9285,6,5
21,0.633708,0.103827,8953,4,4
8,0.510283,0.042114,8473,4,4
18,0.611312,0.092629,9422,4,4
16,0.586859,0.080402,9714,4,4
20,0.625516,0.099731,9570,4,4
28,0.704880,0.139413,11041,4,4
20,0.625883,0.099914,9411,2,3
19,0.620508,0.097227,9677,4,4
20,0.627219,0.100582,9509,4,4
16,0.588886,0.081416,9790,2,3
21,0.640117,0.107031,9593,4,4
10,0.528613,0.051279,8935,5,4
33,0.757194,0.165570,10837,4,4
19,0.614642,0.094294,9437,5,4
16,0.587316,0.080630,9527,4,4
21,0.638122,0.106034,9128,4,4
13,0.557154,0.065550,9144,5,4
17,0.601196,0.087571,9560,5,4
16,0.586611,0.080278,9804,4,4
24,0.671198,0.122572,9662,4,4
12,0.546333,0.060139,9278,4,4
11,0.536821,0.055383,9230,5,4
18,0.610422,0.092184,9464,4,4
12,0.545305,0.059625,9641,5,4
25,0.677600,0.125773,10004,4,4
29,0.723866,0.148906,9439,4,4
16,0.589228,0.081587,8693,4,4
12,0.548528,0.061236,8628,4,4
29,0.723999,0.148972,9589,5,4
20,0.628396,0.101171,8567,4,4
14,0.570130,0.072038,8093,4,4
8,0.512096,0.043021,7633,4,4
20,0.624441,0.099193,8243,4,4
18,0.603296,0.088621,8605,4,4
26,0.685461,0.129703,9304,5,4
23,0.662838,0.118391,7975,4,4
9,0.512861,0.043403,7334,4,4
15,0.580923,0.077434,7755,4,4
23,0.663673,0.118809,8398,4,4
26,0.688223,0.131084,9393,5,4
8,0.510231,0.042088,7931,5,4
9,0.519834,0.046889,7580,4,4
21,0.636668,0.105307,8258,4,4
27,0.695577,0.134761,9367,5,4
19,0.614369,0.094157,8818,4,4
33,0.754808,0.164376,10862,4,4
16,0.588224,0.081084,8357,4,4
22,0.650108,0.112027,8834,4,4
19,0.618603,0.096274,8897,4,4
25,0.676274,0.125110,8425,5,4
21,0.640923,0.107434,7790,4,4
24,0.668467,0.121206,7698,5,4
20,0.628682,0.101314,7860,4,4
21,0.636663,0.105304,8168,4,4
26,0.688775,0.131360,7400,4,4
14,0.568403,0.071174,6885,4,4
22,0.652017,0.112981,7581,4,4
27,0.703048,0.138497,9322,2,3
24,0.668775,0.121360,8062,4,4
21,0.639618,0.106782,8497,4,4
21,0.638682,0.106314,7941,5,4
18,0.611766,0.092856,8091,5,4
17,0.594727,0.084336,8438,4,4
18,0.609889,0.091917,8390,4,4
33,0.763116,0.168531,11154,4,4
15,0.574960,0.074452,8118,4,4
31,0.735465,0.154705,10508,4,4
35,0.784435,0.179190,8865,4,4
57,1.255499,0.414722,12503,5,4
27,0.700925,0.137435,7505,4,4
21,0.639544,0.106745,7111,4,4
28,0.713303,0.143624,8698,4,4
46,1.058547,0.316246,12239,4,4
53,1.183391,0.378668,13202,2,3
19,0.621864,0.097904,7430,4,4
13,0.561519,0.067732,6999,4,4
16,0.588328,0.081136,7395,4,4
49,1.115904,0.344925,12087,4,4
73,1.589326,0.581636,13968,4,4
29,0.722907,0.148426,9171,4,4
20,0.629193,0.101569,8096,5,4
32,0.751764,0.162855,9441,4,4
39,0.823156,0.198551,11740,2,3
58,1.280718,0.427332,11844,5,4
31,0.738354,0.156150,10608,4,4
19,0.621580,0.097762,7896,4,4
31,0.736996,0.155471,9305,2,3
38,0.814176,0.194060,10342,4,4
78,1.714945,0.644445,13436,5,4
35,0.782429,0.178187,11117,4,4
13,0.559328,0.066637,7316,5,4
15,0.581905,0.077925,7209,4,4
53,1.186049,0.379997,12436,4,4
35,0.777116,0.175530,10563,4,4
25,0.676577,0.125261,8180,6,5
21,0.638669,0.106307,7567,4,4
15,0.577444,0.075695,7221,6,5
22,0.647154,0.110550,7357,4,4
51,1.158783,0.366364,12202,4,4
21,0.640240,0.107093,7926,6,5
16,0.592449,0.083197,7538,4,4
20,0.632471,0.103208,7197,6,5
37,0.802416,0.188181,10490,4,4
39,0.824458,0.199202,11105,4,4
17,0.602894,0.088420,7394,4,4
14,0.564608,0.069277,7096,6,5
18,0.607978,0.090962,7168,4,4
33,0.756461,0.165203,9579,4,4
58,1.288965,0.431455,13753,4,4
16,0.592159,0.083052,7433,5,4
13,0.555752,0.064848,6894,5,4
15,0.579109,0.076527,7102,5,4
41,0.842361,0.208153,11565,4,4
40,0.831744,0.202845,11328,4,4
20,0.625240,0.099593,6800,2,3
11,0.541994,0.057970,6832,4,4
10,0.523089,0.048517,6851,4,4
40,0.830247,0.202096,11029,4,4
34,0.765699,0.169822,10849,4,4
17,0.597771,0.085858,7488,2,3
16,0.587135,0.080540,7039,5,4
33,0.756715,0.165330,10273,5,4
27,0.696107,0.135026,9270,4,4
35,0.781656,0.177801,10492,4,4
16,0.591884,0.082915,6576,4,4
12,0.549018,0.061482,6779,5,4
15,0.574457,0.074201,7247,4,4
20,0.628064,0.101005,7916,4,4
24,0.669552,0.121748,8358,4,4
19,0.621966,0.097955,8184,4,4
11,0.537048,0.055497,8006,4,4
35,0.777271,0.175608,9909,4,4
17,0.599689,0.086817,8358,5,4
34,0.770479,0.172212,11084,4,4
26,0.692058,0.133002,11605,5,4
30,0.734351,0.154148,8757,4,4
15,0.579270,0.076608,7909,4,4
32,0.744733,0.159339,9847,4,4
27,0.703523,0.138734,9321,4,4
11,0.534014,0.053979,8342,4,4
8,0.505040,0.039492,7783,4,4
33,0.757347,0.165646,9212,4,4
19,0.619242,0.096594,7876,4,4
31,0.739199,0.156572,10245,4,4
16,0.586582,0.080263,7390,4,4
15,0.574148,0.074047,6819,5,4
21,0.640628,0.107286,6859,2,3
27,0.699989,0.136967,9262,4,4
28,0.712747,0.143346,8089,6,5
12,0.544946,0.059446,6584,4,4
11,0.534252,0.054098,6640,4,4
18,0.612799,0.093372,6819,4,4
27,0.703916,0.138931,9521,4,4
33,0.758599,0.166272,10543,4,4
21,0.636330,0.105138,7327,4,4
15,0.578247,0.076096,5966,4,4
15,0.578100,0.076023,6034,4,4
28,0.711292,0.142619,7718,4,4
24,0.669463,0.121704,6934,4,4
18,0.605904,0.089925,6045,4,4
12,0.543032,0.058489,5765,2,3
30,0.729359,0.151652,7482,4,4
15,0.579236,0.076591,6197,2,3
38,0.807613,0.190779,10935,6,5
22,0.648384,0.111164,7183,6,5
24,0.664771,0.119358,8005,4,4
15,0.579801,0.076873,5921,5,4
22,0.649065,0.111505,7139,4,4
29,0.723819,0.148882,10109,4,4
17,0.594287,0.084116,6188,4,4
12,0.543145,0.058545,5667,4,4
37,0.798204,0.186075,10747,4,4
16,0.591768,0.082857,5825,4,4
43,0.863533,0.218739,11156,4,4
23,0.656180,0.115063,7642,4,4
24,0.666686,0.120316,7736,2,3
10,0.526135,0.050040,5756,4,4
34,0.772722,0.173334,9880,5,4
32,0.749146,0.161546,10112,4,4
18,0.609168,0.091557,6567,4,4
9,0.519655,0.046800,6214,4,4
43,0.864328,0.219136,11642,4,4
21,0.633621,0.103783,7613,4,4
42,0.852536,0.213241,11249,4,4
25,0.682604,0.128275,8286,5,4
26,0.692158,0.133052,9681,4,4
13,0.555320,0.064633,5960,4,4
23,0.653916,0.113931,7349,2,3
30,0.726019,0.149982,10497,4,4
21,0.642887,0.108416,6733,4,4
10,0.530402,0.052173,6542,4,4
39,0.816242,0.195094,11659,4,4
17,0.596947,0.085446,6563,4,4
37,0.803552,0.188748,10803,5,4
25,0.675480,0.124713,7493,5,4
29,0.724003,0.148974,9488,4,4
17,0.594072,0.084009,6226,4,4
39,0.821308,0.197627,11583,4,4
37,0.798476,0.186210,11721,4,4
20,0.629731,0.101838,6152,4,4
15,0.576478,0.075212,6083,4,4
43,0.862880,0.218413,12351,4,4
22,0.643679,0.108812,7518,6,5
34,0.769267,0.171606,10429,6,5
22,0.643659,0.108802,6198,4,4
24,0.666382,0.120164,8261,4,4
19,0.616608,0.095277,6211,6,5
44,0.868070,0.221007,10526,4,4
37,0.800679,0.187312,10617,6,5
22,0.645442,0.109694,6774,4,4
18,0.613301,0.093623,6511,6,5
48,1.091199,0.332572,12003,4,4
22,0.649518,0.111732,6503,4,4
36,0.785678,0.179811,9600,4,4
18,0.611054,0.092500,6642,4,4
24,0.671441,0.122693,7500,4,4
16,0.590089,0.082017,6177,4,4
32,0.749620,0.161783,9363,6,5
27,0.701194,0.137570,8201,4,4
18,0.606912,0.090429,6424,2,3
13,0.553261,0.063603,6647,4,4
32,0.748042,0.160994,9813,4,4
24,0.671576,0.122761,8095,4,4
33,0.759217,0.166581,9610,2,3
26,0.687750,0.130848,9352,4,4
23,0.659085,0.116515,7782,4,4
22,0.645895,0.109920,6921,4,4
32,0.748479,0.161212,9576,4,4
31,0.740153,0.157049,10786,2,3
19,0.617454,0.095700,7171,2,3
16,0.589284,0.081615,6915,4,4
41,0.840428,0.207187,11536,4,4
24,0.673424,0.123685,7074,8,6
32,0.750802,0.162374,10890,2,3
23,0.657018,0.115481,8484,6,5
25,0.675550,0.124748,7398,4,4
18,0.611262,0.092604,6318,4,4
46,1.066545,0.320245,12130,6,5
38,0.807407,0.190676,11254,4,4
16,0.588442,0.081194,6607,4,4
10,0.530662,0.052304,6434,4,4
46,1.056313,0.315129,12266,4,4
34,0.773410,0.173678,9497,8,6
28,0.714017,0.143981,8338,9,6
18,0.610357,0.092151,6799,2,3
14,0.566021,0.069983,6838,4,4
19,0.617305,0.095625,6691,4,4
8,0.506058,0.040001,7064,6,5
17,0.600189,0.087067,7323,4,4
29,0.716108,0.145027,8470,8,6
28,0.707784,0.140864,8655,6,5
25,0.681213,0.127579,8350,6,5
30,0.732406,0.153175,10360,2,3
43,0.855896,0.214921,11211,4,4
40,0.831266,0.202606,10905,2,3
24,0.670174,0.122060,8715,6,5
16,0.586095,0.080020,7685,4,4
21,0.637464,0.105705,8248,4,4
18,0.609393,0.091669,8344,2,3
15,0.582450,0.078197,7900,4,4
6,0.488725,0.031335,7430,4,4
14,0.569644,0.071794,8306,4,3
20,0.631157,0.102551,8341,4,3
15,0.581745,0.077845,8006,4,4
9,0.521128,0.047537,7333,4,4
12,0.546032,0.059988,7849,4,3
21,0.640708,0.107327,8060,4,3
16,0.590443,0.082194,7877,4,4
23,0.657608,0.115777,8142,4,4
15,0.573124,0.073535,7943,4,4
7,0.498016,0.035980,7507,4,3
11,0.539698,0.056822,7792,4,4
25,0.682211,0.128078,8983,4,4
18,0.611493,0.092719,7628,4,3
12,0.549001,0.061473,7327,4,4
8,0.509855,0.041900,6969,5,4
14,0.565834,0.069889,7393,4,4
18,0.605070,0.089508,7965,4,4
19,0.622013,0.097979,8122,4,4
19,0.619497,0.096721,8278,4,4
9,0.519519,0.046732,7899,4,4
11,0.532731,0.053338,8038,4,4
17,0.595268,0.084607,8308,4,4
11,0.538848,0.056397,8043,4,4
6,0.492076,0.033011,7329,4,4
12,0.552039,0.062992,7612,4,4
10,0.530051,0.051998,7702,4,4
16,0.588296,0.081121,8158,5,4
13,0.558956,0.066451,7876,5,4
12,0.549797,0.061871,7712,5,4
14,0.568864,0.071405,7577,4,4
10,0.523631,0.048788,7597,4,4
21,0.640778,0.107362,8071,4,4
26,0.691924,0.132935,8178,4,4
38,0.812703,0.193324,11119,4,4
34,0.767576,0.170761,10268,7,5
18,0.610260,0.092102,7035,4,4
19,0.615609,0.094777,6826,2,3
20,0.626733,0.100339,6720,6,5
27,0.700985,0.137465,8800,7,5
22,0.650234,0.112089,5900,4,4
11,0.541625,0.057785,5740,6,5
24,0.664120,0.119033,7865,4,4
16,0.584712,0.079328,6230,4,4
27,0.697368,0.135656,7820,7,5
16,0.591491,0.082718,6054,4,4
18,0.605535,0.089740,5912,2,3
19,0.619861,0.096903,5807,6,5
37,0.795945,0.184945,9509,2,3
38,0.814297,0.194121,12596,6,5
11,0.535957,0.054951,5111,4,4
11,0.532798,0.053372,5357,4,4
21,0.634774,0.104360,6927,4,4
13,0.562053,0.067999,6111,4,4
23,0.659939,0.116942,6946,6,5
11,0.540673,0.057309,5813,4,4
12,0.545655,0.059800,5923,2,3
23,0.661317,0.117631,8165,6,5
47,1.078805,0.326375,12344,5,4
25,0.678967,0.126456,6777,4,4
15,0.583023,0.078484,5634,5,4
9,0.517856,0.045901,5534,5,4
23,0.660051,0.116998,6789,5,4
27,0.700761,0.137353,8004,4,4
20,0.629468,0.101707,6502,5,4
11,0.533658,0.053802,5238,5,4
14,0.564688,0.069317,5413,4,4
26,0.691520,0.132732,9133,4,4
26,0.692361,0.133153,7366,5,4
14,0.571927,0.072936,5488,4,4
13,0.556072,0.065008,5355,4,4
12,0.550212,0.062079,5426,4,3
22,0.651201,0.112573,6412,4,3
18,0.607841,0.090893,5550,4,4
34,0.766430,0.170188,13409,4,4
17,0.601770,0.087857,4307,4,4
6,0.490507,0.032226,4109,4,4
23,0.663299,0.118622,8634,5,4
19,0.616773,0.095359,7370,4,4
20,0.632835,0.103390,5907,4,4
19,0.618126,0.096036,7182,5,4
14,0.567214,0.070580,4685,5,4
9,0.515683,0.044814,4566,4,4
14,0.572318,0.073132,4586,4,4
24,0.667834,0.120889,8293,4,4
22,0.652946,0.113445,7626,4,4
13,0.557469,0.065707,4567,4,4
7,0.494322,0.034134,4215,2,3
8,0.505065,0.039505,4180,4,4
5,0.480325,0.027135,4073,4,4
5,0.480211,0.027078,4095,5,4
4,0.465538,0.019742,3322,5,4
3,0.459900,0.016923,3501,4,4
4,0.464537,0.019241,3539,4,4
4,0.462242,0.018094,3447,4,4
3,0.461136,0.017541,3470,4,4
4,0.470333,0.022139,3505,4,4
4,0.463700,0.018823,3481,4,4
4,0.462888,0.018416,3433,5,4
4,0.469121,0.021533,3253,4,4
6,0.486917,0.030431,4379,4,4
4,0.462454,0.018200,3297,4,4
3,0.457945,0.015945,3332,4,4
3,0.461800,0.017873,3315,4,4
4,0.462608,0.018277,3394,4,4
4,0.469183,0.021564,3418,4,4
4,0.464404,0.019175,3419,2,3
3,0.453728,0.013837,3397,5,4
3,0.455763,0.014854,3344,4,4
3,0.454209,0.014077,3249,5,4
3,0.458405,0.016175,3274,4,4
2,0.448511,0.011228,3319,2,3
2,0.450250,0.012098,3104,5,4
3,0.456041,0.014993,3137,5,4
3,0.452471,0.013208,3226,4,4
